{
    "camera_angle_x": 0.6911112070083618,
    "frames": [
        {
            "file_path": "train/r_0",
            "rotation": 0.06283185307179587,
            "transform_matrix": [
                [
                    -0.9999999403953552,
                    1.241833160747774e-07,
                    -1.230831543352906e-07,
                    -6.858780920993013e-07
                ],
                [
                    -1.7484552472524229e-07,
                    -0.7102458477020264,
                    0.7039536833763123,
                    3.9227657318115234
                ],
                [
                    0.0,
                    0.7039536237716675,
                    0.7102459073066711,
                    3.957829236984253
                ],
                [
                    0.0,
                    0.0,
                    0.0,
                    1.0
                ]
            ],
            "transform_matrix_sun": [
                [
                    -0.8140215873718262,
                    0.5081575512886047,
                    -0.28132686018943787,
                    -0.629065990447998
                ],
                [
                    -0.580834686756134,
                    -0.7121669054031372,
                    0.39427077770233154,
                    0.8816162943840027
                ],
                [
                    0.0,
                    0.48434925079345703,
                    0.8748746514320374,
                    1.9562792778015137
                ],
                [
                    0.0,
                    0.0,
                    0.0,
                    1.0
                ]
            ]
        },
        {
            "file_path": "train/r_1",
            "rotation": 0.06283185307179587,
            "transform_matrix": [
                [
                    -0.9999999403953552,
                    1.241833160747774e-07,
                    -1.230831543352906e-07,
                    -6.858780920993013e-07
                ],
                [
                    -1.7484552472524229e-07,
                    -0.7102458477020264,
                    0.7039536833763123,
                    3.9227657318115234
                ],
                [
                    0.0,
                    0.7039536237716675,
                    0.7102459073066711,
                    3.957829236984253
                ],
                [
                    0.0,
                    0.0,
                    0.0,
                    1.0
                ]
            ],
            "transform_matrix_sun": [
                [
                    -0.7457809448242188,
                    0.46675336360931396,
                    -0.4753442704677582,
                    -1.0629020929336548
                ],
                [
                    -0.6661913394927979,
                    -0.5225161910057068,
                    0.5321334600448608,
                    1.1898865699768066
                ],
                [
                    1.4901161193847656e-08,
                    0.7135251760482788,
                    0.7006295919418335,
                    1.5666553974151611
                ],
                [
                    0.0,
                    0.0,
                    0.0,
                    1.0
                ]
            ]
        },
        {
            "file_path": "train/r_2",
            "rotation": 0.06283185307179587,
            "transform_matrix": [
                [
                    -0.9999999403953552,
                    1.241833160747774e-07,
                    -1.230831543352906e-07,
                    -6.858780920993013e-07
                ],
                [
                    -1.7484552472524229e-07,
                    -0.7102458477020264,
                    0.7039536833763123,
                    3.9227657318115234
                ],
                [
                    0.0,
                    0.7039536237716675,
                    0.7102459073066711,
                    3.957829236984253
                ],
                [
                    0.0,
                    0.0,
                    0.0,
                    1.0
                ]
            ],
            "transform_matrix_sun": [
                [
                    -0.9383405447006226,
                    0.2923365533351898,
                    -0.18454353511333466,
                    -0.41265183687210083
                ],
                [
                    -0.345712274312973,
                    -0.7934669256210327,
                    0.5008925199508667,
                    1.1200295686721802
                ],
                [
                    0.0,
                    0.5338067412376404,
                    0.8456066250801086,
                    1.8908336162567139
                ],
                [
                    0.0,
                    0.0,
                    0.0,
                    1.0
                ]
            ]
        },
        {
            "file_path": "train/r_3",
            "rotation": 0.06283185307179587,
            "transform_matrix": [
                [
                    -0.9999999403953552,
                    1.241833160747774e-07,
                    -1.230831543352906e-07,
                    -6.858780920993013e-07
                ],
                [
                    -1.7484552472524229e-07,
                    -0.7102458477020264,
                    0.7039536833763123,
                    3.9227657318115234
                ],
                [
                    0.0,
                    0.7039536237716675,
                    0.7102459073066711,
                    3.957829236984253
                ],
                [
                    0.0,
                    0.0,
                    0.0,
                    1.0
                ]
            ],
            "transform_matrix_sun": [
                [
                    -0.04543314874172211,
                    -0.486184686422348,
                    0.8726741671562195,
                    1.9513587951660156
                ],
                [
                    0.9989674091339111,
                    -0.022111736238002777,
                    0.0396893173456192,
                    0.0887480154633522
                ],
                [
                    1.862645371275562e-09,
                    0.8735762238502502,
                    0.48668724298477173,
                    1.0882657766342163
                ],
                [
                    0.0,
                    0.0,
                    0.0,
                    1.0
                ]
            ]
        },
        {
            "file_path": "train/r_4",
            "rotation": 0.06283185307179587,
            "transform_matrix": [
                [
                    -0.9999999403953552,
                    1.241833160747774e-07,
                    -1.230831543352906e-07,
                    -6.858780920993013e-07
                ],
                [
                    -1.7484552472524229e-07,
                    -0.7102458477020264,
                    0.7039536833763123,
                    3.9227657318115234
                ],
                [
                    0.0,
                    0.7039536237716675,
                    0.7102459073066711,
                    3.957829236984253
                ],
                [
                    0.0,
                    0.0,
                    0.0,
                    1.0
                ]
            ],
            "transform_matrix_sun": [
                [
                    0.5250168442726135,
                    -0.8456481695175171,
                    0.096107117831707,
                    0.21490204334259033
                ],
                [
                    0.8510918021202087,
                    0.5216588377952576,
                    -0.05928603932261467,
                    -0.1325676143169403
                ],
                [
                    3.725290076417309e-09,
                    0.1129220500588417,
                    0.9936038255691528,
                    2.2217657566070557
                ],
                [
                    0.0,
                    0.0,
                    0.0,
                    1.0
                ]
            ]
        },
        {
            "file_path": "train/r_5",
            "rotation": 0.06283185307179587,
            "transform_matrix": [
                [
                    -0.9999999403953552,
                    1.241833160747774e-07,
                    -1.230831543352906e-07,
                    -6.858780920993013e-07
                ],
                [
                    -1.7484552472524229e-07,
                    -0.7102458477020264,
                    0.7039536833763123,
                    3.9227657318115234
                ],
                [
                    0.0,
                    0.7039536237716675,
                    0.7102459073066711,
                    3.957829236984253
                ],
                [
                    0.0,
                    0.0,
                    0.0,
                    1.0
                ]
            ],
            "transform_matrix_sun": [
                [
                    -0.7978394031524658,
                    -0.47490623593330383,
                    0.3713711202144623,
                    0.8304110765457153
                ],
                [
                    0.6028701663017273,
                    -0.6284916996955872,
                    0.49147316813468933,
                    1.098967432975769
                ],
                [
                    0.0,
                    0.6160051822662354,
                    0.7877420783042908,
                    1.7614448070526123
                ],
                [
                    0.0,
                    0.0,
                    0.0,
                    1.0
                ]
            ]
        },
        {
            "file_path": "train/r_6",
            "rotation": 0.06283185307179587,
            "transform_matrix": [
                [
                    -0.9999999403953552,
                    1.241833160747774e-07,
                    -1.230831543352906e-07,
                    -6.858780920993013e-07
                ],
                [
                    -1.7484552472524229e-07,
                    -0.7102458477020264,
                    0.7039536833763123,
                    3.9227657318115234
                ],
                [
                    0.0,
                    0.7039536237716675,
                    0.7102459073066711,
                    3.957829236984253
                ],
                [
                    0.0,
                    0.0,
                    0.0,
                    1.0
                ]
            ],
            "transform_matrix_sun": [
                [
                    0.7347379922866821,
                    0.673233151435852,
                    -0.08316976577043533,
                    -0.18597322702407837
                ],
                [
                    -0.6783510446548462,
                    0.729194700717926,
                    -0.09008313715457916,
                    -0.2014319896697998
                ],
                [
                    -3.7252898543727042e-09,
                    0.12260622531175613,
                    0.9924555420875549,
                    2.2191977500915527
                ],
                [
                    0.0,
                    0.0,
                    0.0,
                    1.0
                ]
            ]
        },
        {
            "file_path": "train/r_7",
            "rotation": 0.06283185307179587,
            "transform_matrix": [
                [
                    -0.9999999403953552,
                    1.241833160747774e-07,
                    -1.230831543352906e-07,
                    -6.858780920993013e-07
                ],
                [
                    -1.7484552472524229e-07,
                    -0.7102458477020264,
                    0.7039536833763123,
                    3.9227657318115234
                ],
                [
                    0.0,
                    0.7039536237716675,
                    0.7102459073066711,
                    3.957829236984253
                ],
                [
                    0.0,
                    0.0,
                    0.0,
                    1.0
                ]
            ],
            "transform_matrix_sun": [
                [
                    0.6818544864654541,
                    0.6612034440040588,
                    -0.3128648102283478,
                    -0.6995869874954224
                ],
                [
                    -0.7314879298210144,
                    0.6163390278816223,
                    -0.29163607954978943,
                    -0.6521180868148804
                ],
                [
                    1.4901161193847656e-08,
                    0.4277103543281555,
                    0.9039159417152405,
                    2.0212173461914062
                ],
                [
                    0.0,
                    0.0,
                    0.0,
                    1.0
                ]
            ]
        },
        {
            "file_path": "train/r_8",
            "rotation": 0.06283185307179587,
            "transform_matrix": [
                [
                    -0.9999999403953552,
                    1.241833160747774e-07,
                    -1.230831543352906e-07,
                    -6.858780920993013e-07
                ],
                [
                    -1.7484552472524229e-07,
                    -0.7102458477020264,
                    0.7039536833763123,
                    3.9227657318115234
                ],
                [
                    0.0,
                    0.7039536237716675,
                    0.7102459073066711,
                    3.957829236984253
                ],
                [
                    0.0,
                    0.0,
                    0.0,
                    1.0
                ]
            ],
            "transform_matrix_sun": [
                [
                    0.6654243469238281,
                    -0.576789915561676,
                    0.4738394320011139,
                    1.0595371723175049
                ],
                [
                    0.7464653253555298,
                    0.5141699910163879,
                    -0.4223964214324951,
                    -0.9445071220397949
                ],
                [
                    -2.9802322387695312e-08,
                    0.6347774863243103,
                    0.7726948857307434,
                    1.727798342704773
                ],
                [
                    0.0,
                    0.0,
                    0.0,
                    1.0
                ]
            ]
        },
        {
            "file_path": "train/r_9",
            "rotation": 0.06283185307179587,
            "transform_matrix": [
                [
                    -0.9999999403953552,
                    1.241833160747774e-07,
                    -1.230831543352906e-07,
                    -6.858780920993013e-07
                ],
                [
                    -1.7484552472524229e-07,
                    -0.7102458477020264,
                    0.7039536833763123,
                    3.9227657318115234
                ],
                [
                    0.0,
                    0.7039536237716675,
                    0.7102459073066711,
                    3.957829236984253
                ],
                [
                    0.0,
                    0.0,
                    0.0,
                    1.0
                ]
            ],
            "transform_matrix_sun": [
                [
                    -0.9425322413444519,
                    -0.24811887741088867,
                    0.22376352548599243,
                    0.5003504753112793
                ],
                [
                    0.3341154158115387,
                    -0.6999378800392151,
                    0.631231963634491,
                    1.4114775657653809
                ],
                [
                    0.0,
                    0.6697192788124084,
                    0.7426143288612366,
                    1.6605361700057983
                ],
                [
                    0.0,
                    0.0,
                    0.0,
                    1.0
                ]
            ]
        },
        {
            "file_path": "train/r_10",
            "rotation": 0.06283185307179587,
            "transform_matrix": [
                [
                    -0.9999999403953552,
                    1.241833160747774e-07,
                    -1.230831543352906e-07,
                    -6.858780920993013e-07
                ],
                [
                    -1.7484552472524229e-07,
                    -0.7102458477020264,
                    0.7039536833763123,
                    3.9227657318115234
                ],
                [
                    0.0,
                    0.7039536237716675,
                    0.7102459073066711,
                    3.957829236984253
                ],
                [
                    0.0,
                    0.0,
                    0.0,
                    1.0
                ]
            ],
            "transform_matrix_sun": [
                [
                    -0.8750934600830078,
                    0.45899149775505066,
                    -0.1534217745065689,
                    -0.34306150674819946
                ],
                [
                    -0.48395395278930664,
                    -0.8299558758735657,
                    0.2774197459220886,
                    0.6203294396400452
                ],
                [
                    0.0,
                    0.3170173764228821,
                    0.9484197497367859,
                    2.1207311153411865
                ],
                [
                    0.0,
                    0.0,
                    0.0,
                    1.0
                ]
            ]
        },
        {
            "file_path": "train/r_11",
            "rotation": 0.06283185307179587,
            "transform_matrix": [
                [
                    -0.9999999403953552,
                    1.241833160747774e-07,
                    -1.230831543352906e-07,
                    -6.858780920993013e-07
                ],
                [
                    -1.7484552472524229e-07,
                    -0.7102458477020264,
                    0.7039536833763123,
                    3.9227657318115234
                ],
                [
                    0.0,
                    0.7039536237716675,
                    0.7102459073066711,
                    3.957829236984253
                ],
                [
                    0.0,
                    0.0,
                    0.0,
                    1.0
                ]
            ],
            "transform_matrix_sun": [
                [
                    -0.47017455101013184,
                    0.6642187237739563,
                    -0.5811620354652405,
                    -1.2995179891586304
                ],
                [
                    -0.8825734853744507,
                    -0.3538501262664795,
                    0.3096032440662384,
                    0.6922939419746399
                ],
                [
                    1.4901161193847656e-08,
                    0.6584858298301697,
                    0.7525930404663086,
                    1.682849407196045
                ],
                [
                    0.0,
                    0.0,
                    0.0,
                    1.0
                ]
            ]
        },
        {
            "file_path": "train/r_12",
            "rotation": 0.06283185307179587,
            "transform_matrix": [
                [
                    -0.9999999403953552,
                    1.241833160747774e-07,
                    -1.230831543352906e-07,
                    -6.858780920993013e-07
                ],
                [
                    -1.7484552472524229e-07,
                    -0.7102458477020264,
                    0.7039536833763123,
                    3.9227657318115234
                ],
                [
                    0.0,
                    0.7039536237716675,
                    0.7102459073066711,
                    3.957829236984253
                ],
                [
                    0.0,
                    0.0,
                    0.0,
                    1.0
                ]
            ],
            "transform_matrix_sun": [
                [
                    0.9156368970870972,
                    -0.2076481431722641,
                    0.34422558546066284,
                    0.7697118520736694
                ],
                [
                    0.40200626850128174,
                    0.4729536175727844,
                    -0.7840316891670227,
                    -1.7531483173370361
                ],
                [
                    0.0,
                    0.8562692403793335,
                    0.5165296196937561,
                    1.1549954414367676
                ],
                [
                    0.0,
                    0.0,
                    0.0,
                    1.0
                ]
            ]
        },
        {
            "file_path": "train/r_13",
            "rotation": 0.06283185307179587,
            "transform_matrix": [
                [
                    -0.9999999403953552,
                    1.241833160747774e-07,
                    -1.230831543352906e-07,
                    -6.858780920993013e-07
                ],
                [
                    -1.7484552472524229e-07,
                    -0.7102458477020264,
                    0.7039536833763123,
                    3.9227657318115234
                ],
                [
                    0.0,
                    0.7039536237716675,
                    0.7102459073066711,
                    3.957829236984253
                ],
                [
                    0.0,
                    0.0,
                    0.0,
                    1.0
                ]
            ],
            "transform_matrix_sun": [
                [
                    -0.40877655148506165,
                    0.8921591639518738,
                    -0.1922338753938675,
                    -0.4298480153083801
                ],
                [
                    -0.912634551525116,
                    -0.3996054530143738,
                    0.08610314130783081,
                    0.192532479763031
                ],
                [
                    0.0,
                    0.2106361985206604,
                    0.9775645136833191,
                    2.1859006881713867
                ],
                [
                    0.0,
                    0.0,
                    0.0,
                    1.0
                ]
            ]
        },
        {
            "file_path": "train/r_14",
            "rotation": 0.06283185307179587,
            "transform_matrix": [
                [
                    -0.9999999403953552,
                    1.241833160747774e-07,
                    -1.230831543352906e-07,
                    -6.858780920993013e-07
                ],
                [
                    -1.7484552472524229e-07,
                    -0.7102458477020264,
                    0.7039536833763123,
                    3.9227657318115234
                ],
                [
                    0.0,
                    0.7039536237716675,
                    0.7102459073066711,
                    3.957829236984253
                ],
                [
                    0.0,
                    0.0,
                    0.0,
                    1.0
                ]
            ],
            "transform_matrix_sun": [
                [
                    0.6215139627456665,
                    0.4189251959323883,
                    -0.6619834303855896,
                    -1.480239987373352
                ],
                [
                    -0.7834030985832214,
                    0.33235490322113037,
                    -0.5251855254173279,
                    -1.1743505001068115
                ],
                [
                    -1.4901161193847656e-08,
                    0.845009982585907,
                    0.5347505211830139,
                    1.1957385540008545
                ],
                [
                    0.0,
                    0.0,
                    0.0,
                    1.0
                ]
            ]
        },
        {
            "file_path": "train/r_15",
            "rotation": 0.06283185307179587,
            "transform_matrix": [
                [
                    -0.9999999403953552,
                    1.241833160747774e-07,
                    -1.230831543352906e-07,
                    -6.858780920993013e-07
                ],
                [
                    -1.7484552472524229e-07,
                    -0.7102458477020264,
                    0.7039536833763123,
                    3.9227657318115234
                ],
                [
                    0.0,
                    0.7039536237716675,
                    0.7102459073066711,
                    3.957829236984253
                ],
                [
                    0.0,
                    0.0,
                    0.0,
                    1.0
                ]
            ],
            "transform_matrix_sun": [
                [
                    0.6059723496437073,
                    -0.6326037645339966,
                    0.48229658603668213,
                    1.078447937965393
                ],
                [
                    0.7954857349395752,
                    0.48189473152160645,
                    -0.36739614605903625,
                    -0.8215227723121643
                ],
                [
                    0.0,
                    0.6062920093536377,
                    0.7952421307563782,
                    1.7782155275344849
                ],
                [
                    0.0,
                    0.0,
                    0.0,
                    1.0
                ]
            ]
        },
        {
            "file_path": "train/r_16",
            "rotation": 0.06283185307179587,
            "transform_matrix": [
                [
                    -0.9999999403953552,
                    1.241833160747774e-07,
                    -1.230831543352906e-07,
                    -6.858780920993013e-07
                ],
                [
                    -1.7484552472524229e-07,
                    -0.7102458477020264,
                    0.7039536833763123,
                    3.9227657318115234
                ],
                [
                    0.0,
                    0.7039536237716675,
                    0.7102459073066711,
                    3.957829236984253
                ],
                [
                    0.0,
                    0.0,
                    0.0,
                    1.0
                ]
            ],
            "transform_matrix_sun": [
                [
                    -0.9991433024406433,
                    -0.03328830748796463,
                    0.024586517363786697,
                    0.05497711896896362
                ],
                [
                    0.041383665055036545,
                    -0.8036935925483704,
                    0.5936025977134705,
                    1.3273355960845947
                ],
                [
                    0.0,
                    0.5941115617752075,
                    0.8043827414512634,
                    1.798654317855835
                ],
                [
                    0.0,
                    0.0,
                    0.0,
                    1.0
                ]
            ]
        },
        {
            "file_path": "train/r_17",
            "rotation": 0.06283185307179587,
            "transform_matrix": [
                [
                    -0.9999999403953552,
                    1.241833160747774e-07,
                    -1.230831543352906e-07,
                    -6.858780920993013e-07
                ],
                [
                    -1.7484552472524229e-07,
                    -0.7102458477020264,
                    0.7039536833763123,
                    3.9227657318115234
                ],
                [
                    0.0,
                    0.7039536237716675,
                    0.7102459073066711,
                    3.957829236984253
                ],
                [
                    0.0,
                    0.0,
                    0.0,
                    1.0
                ]
            ],
            "transform_matrix_sun": [
                [
                    0.986900806427002,
                    -0.0823311135172844,
                    0.1387387067079544,
                    0.31022921204566956
                ],
                [
                    0.16132837533950806,
                    0.5036475658416748,
                    -0.8487120866775513,
                    -1.897778034210205
                ],
                [
                    0.0,
                    0.859977126121521,
                    0.5103324055671692,
                    1.1411380767822266
                ],
                [
                    0.0,
                    0.0,
                    0.0,
                    1.0
                ]
            ]
        },
        {
            "file_path": "train/r_18",
            "rotation": 0.06283185307179587,
            "transform_matrix": [
                [
                    -0.9999999403953552,
                    1.241833160747774e-07,
                    -1.230831543352906e-07,
                    -6.858780920993013e-07
                ],
                [
                    -1.7484552472524229e-07,
                    -0.7102458477020264,
                    0.7039536833763123,
                    3.9227657318115234
                ],
                [
                    0.0,
                    0.7039536237716675,
                    0.7102459073066711,
                    3.957829236984253
                ],
                [
                    0.0,
                    0.0,
                    0.0,
                    1.0
                ]
            ],
            "transform_matrix_sun": [
                [
                    0.9423955082893372,
                    0.21514949202537537,
                    -0.2561277449131012,
                    -0.5727190375328064
                ],
                [
                    -0.3345007002353668,
                    0.6061449646949768,
                    -0.7215937972068787,
                    -1.6135327816009521
                ],
                [
                    1.4901161193847656e-08,
                    0.7657015919685364,
                    0.6431959271430969,
                    1.4382297992706299
                ],
                [
                    0.0,
                    0.0,
                    0.0,
                    1.0
                ]
            ]
        },
        {
            "file_path": "train/r_19",
            "rotation": 0.06283185307179587,
            "transform_matrix": [
                [
                    -0.9999999403953552,
                    1.241833160747774e-07,
                    -1.230831543352906e-07,
                    -6.858780920993013e-07
                ],
                [
                    -1.7484552472524229e-07,
                    -0.7102458477020264,
                    0.7039536833763123,
                    3.9227657318115234
                ],
                [
                    0.0,
                    0.7039536237716675,
                    0.7102459073066711,
                    3.957829236984253
                ],
                [
                    0.0,
                    0.0,
                    0.0,
                    1.0
                ]
            ],
            "transform_matrix_sun": [
                [
                    0.6282129883766174,
                    0.5049301981925964,
                    -0.5919408202171326,
                    -1.3236199617385864
                ],
                [
                    -0.778041422367096,
                    0.4076951742172241,
                    -0.47795000672340393,
                    -1.0687286853790283
                ],
                [
                    1.4901161193847656e-08,
                    0.7608088254928589,
                    0.6489760279655457,
                    1.4511544704437256
                ],
                [
                    0.0,
                    0.0,
                    0.0,
                    1.0
                ]
            ]
        },
        {
            "file_path": "train/r_20",
            "rotation": 0.06283185307179587,
            "transform_matrix": [
                [
                    -0.9999999403953552,
                    1.241833160747774e-07,
                    -1.230831543352906e-07,
                    -6.858780920993013e-07
                ],
                [
                    -1.7484552472524229e-07,
                    -0.7102458477020264,
                    0.7039536833763123,
                    3.9227657318115234
                ],
                [
                    0.0,
                    0.7039536237716675,
                    0.7102459073066711,
                    3.957829236984253
                ],
                [
                    0.0,
                    0.0,
                    0.0,
                    1.0
                ]
            ],
            "transform_matrix_sun": [
                [
                    -0.6338943243026733,
                    0.7344645261764526,
                    -0.2423626333475113,
                    -0.5419393181800842
                ],
                [
                    -0.7734197378158569,
                    -0.6019667387008667,
                    0.19864028692245483,
                    0.4441731870174408
                ],
                [
                    0.0,
                    0.31336501240730286,
                    0.9496327042579651,
                    2.123443365097046
                ],
                [
                    0.0,
                    0.0,
                    0.0,
                    1.0
                ]
            ]
        },
        {
            "file_path": "train/r_21",
            "rotation": 0.06283185307179587,
            "transform_matrix": [
                [
                    -0.9999999403953552,
                    1.241833160747774e-07,
                    -1.230831543352906e-07,
                    -6.858780920993013e-07
                ],
                [
                    -1.7484552472524229e-07,
                    -0.7102458477020264,
                    0.7039536833763123,
                    3.9227657318115234
                ],
                [
                    0.0,
                    0.7039536237716675,
                    0.7102459073066711,
                    3.957829236984253
                ],
                [
                    0.0,
                    0.0,
                    0.0,
                    1.0
                ]
            ],
            "transform_matrix_sun": [
                [
                    0.2750377655029297,
                    0.9419108033180237,
                    -0.1927644908428192,
                    -0.43103450536727905
                ],
                [
                    -0.961433470249176,
                    0.26945292949676514,
                    -0.055144235491752625,
                    -0.1233062595129013
                ],
                [
                    3.725290742551124e-09,
                    0.20049700140953064,
                    0.9796943068504333,
                    2.1906630992889404
                ],
                [
                    0.0,
                    0.0,
                    0.0,
                    1.0
                ]
            ]
        },
        {
            "file_path": "train/r_22",
            "rotation": 0.06283185307179587,
            "transform_matrix": [
                [
                    -0.9999999403953552,
                    1.241833160747774e-07,
                    -1.230831543352906e-07,
                    -6.858780920993013e-07
                ],
                [
                    -1.7484552472524229e-07,
                    -0.7102458477020264,
                    0.7039536833763123,
                    3.9227657318115234
                ],
                [
                    0.0,
                    0.7039536237716675,
                    0.7102459073066711,
                    3.957829236984253
                ],
                [
                    0.0,
                    0.0,
                    0.0,
                    1.0
                ]
            ],
            "transform_matrix_sun": [
                [
                    0.5686212182044983,
                    -0.7755631804466248,
                    0.2741742432117462,
                    0.6130721569061279
                ],
                [
                    0.8225994110107422,
                    0.5361074805259705,
                    -0.18952274322509766,
                    -0.4237856864929199
                ],
                [
                    0.0,
                    0.3333023488521576,
                    0.942820131778717,
                    2.1082096099853516
                ],
                [
                    0.0,
                    0.0,
                    0.0,
                    1.0
                ]
            ]
        },
        {
            "file_path": "train/r_23",
            "rotation": 0.06283185307179587,
            "transform_matrix": [
                [
                    -0.9999999403953552,
                    1.241833160747774e-07,
                    -1.230831543352906e-07,
                    -6.858780920993013e-07
                ],
                [
                    -1.7484552472524229e-07,
                    -0.7102458477020264,
                    0.7039536833763123,
                    3.9227657318115234
                ],
                [
                    0.0,
                    0.7039536237716675,
                    0.7102459073066711,
                    3.957829236984253
                ],
                [
                    0.0,
                    0.0,
                    0.0,
                    1.0
                ]
            ],
            "transform_matrix_sun": [
                [
                    -0.9895076751708984,
                    -0.134933739900589,
                    0.05164898559451103,
                    0.11549064517021179
                ],
                [
                    0.14448092877864838,
                    -0.9241217970848083,
                    0.3537288010120392,
                    0.7909616231918335
                ],
                [
                    3.725290742551124e-09,
                    0.35747966170310974,
                    0.9339209198951721,
                    2.088310718536377
                ],
                [
                    0.0,
                    0.0,
                    0.0,
                    1.0
                ]
            ]
        },
        {
            "file_path": "train/r_24",
            "rotation": 0.06283185307179587,
            "transform_matrix": [
                [
                    -0.9999999403953552,
                    1.241833160747774e-07,
