{
    "camera_angle_x": 0.6194058656692505,
    "frames": [
        {
            "file_path": "train/r_0",
            "rotation": 0.06283185307179587,
            "transform_matrix": [
                [
                    0.7604032158851624,
                    -0.49785664677619934,
                    0.4170439541339874,
                    2.1952362060546875
                ],
                [
                    0.6494511365890503,
                    0.5829102993011475,
                    -0.4882916212081909,
                    -2.570269823074341
                ],
                [
                    1.4901160305669237e-08,
                    0.6421481966972351,
                    0.7665804624557495,
                    4.035126686096191
                ],
                [
                    0.0,
                    0.0,
                    0.0,
                    1.0
                ]
            ],
            "transform_matrix_sun": [
                [
                    0.40378537774086,
                    -0.4989292323589325,
                    0.7668291330337524,
                    1.7146821022033691
                ],
                [
                    0.9148536324501038,
                    0.220210462808609,
                    -0.33845239877700806,
                    -0.7568025588989258
                ],
                [
                    -1.4901158529312397e-08,
                    0.838198721408844,
                    0.545365035533905,
                    1.2194733619689941
                ],
                [
                    0.0,
                    0.0,
                    0.0,
                    1.0
                ]
            ]
        },
        {
            "file_path": "train/r_1",
            "rotation": 0.06283185307179587,
            "transform_matrix": [
                [
                    0.7604032158851624,
                    -0.49785664677619934,
                    0.4170439541339874,
                    2.1952362060546875
                ],
                [
                    0.6494511365890503,
                    0.5829102993011475,
                    -0.4882916212081909,
                    -2.570269823074341
                ],
                [
                    1.4901160305669237e-08,
                    0.6421481966972351,
                    0.7665804624557495,
                    4.035126686096191
                ],
                [
                    0.0,
                    0.0,
                    0.0,
                    1.0
                ]
            ],
            "transform_matrix_sun": [
                [
                    -0.06828813999891281,
                    0.7069594264030457,
                    -0.7039496898651123,
                    -1.5740795135498047
                ],
                [
                    -0.9976656436920166,
                    -0.04838990420103073,
                    0.04818389564752579,
                    0.10774247348308563
                ],
                [
                    0.0,
                    0.7055968642234802,
                    0.7086134552955627,
                    1.584507942199707
                ],
                [
                    0.0,
                    0.0,
                    0.0,
                    1.0
                ]
            ]
        },
        {
            "file_path": "train/r_2",
            "rotation": 0.06283185307179587,
            "transform_matrix": [
                [
                    0.7604032158851624,
                    -0.49785664677619934,
                    0.4170439541339874,
                    2.1952362060546875
                ],
                [
                    0.6494511365890503,
                    0.5829102993011475,
                    -0.4882916212081909,
                    -2.570269823074341
                ],
                [
                    1.4901160305669237e-08,
                    0.6421481966972351,
                    0.7665804624557495,
                    4.035126686096191
                ],
                [
                    0.0,
                    0.0,
                    0.0,
                    1.0
                ]
            ],
            "transform_matrix_sun": [
                [
                    0.011896255426108837,
                    0.652721643447876,
                    -0.7575043439865112,
                    -1.693831205368042
                ],
                [
                    -0.9999293088912964,
                    0.007765492424368858,
                    -0.009012102149426937,
                    -0.020151672884821892
                ],
                [
                    0.0,
                    0.7575579285621643,
                    0.6527678966522217,
                    1.459633469581604
                ],
                [
                    0.0,
                    0.0,
                    0.0,
                    1.0
                ]
            ]
        },
        {
            "file_path": "train/r_3",
            "rotation": 0.06283185307179587,
            "transform_matrix": [
                [
                    0.7604032158851624,
                    -0.49785664677619934,
                    0.4170439541339874,
                    2.1952362060546875
                ],
                [
                    0.6494511365890503,
                    0.5829102993011475,
                    -0.4882916212081909,
                    -2.570269823074341
                ],
                [
                    1.4901160305669237e-08,
                    0.6421481966972351,
                    0.7665804624557495,
                    4.035126686096191
                ],
                [
                    0.0,
                    0.0,
                    0.0,
                    1.0
                ]
            ],
            "transform_matrix_sun": [
                [
                    0.285031795501709,
                    0.9259046912193298,
                    -0.24790585041046143,
                    -0.5543343424797058
                ],
                [
                    -0.9585180282592773,
                    0.2753337025642395,
                    -0.0737190768122673,
                    -0.16484087705612183
                ],
                [
                    -7.450580596923828e-09,
                    0.25863438844680786,
                    0.9659752249717712,
                    2.1599862575531006
                ],
                [
                    0.0,
                    0.0,
                    0.0,
                    1.0
                ]
            ]
        },
        {
            "file_path": "train/r_4",
            "rotation": 0.06283185307179587,
            "transform_matrix": [
                [
                    0.7604032158851624,
                    -0.49785664677619934,
                    0.4170439541339874,
                    2.1952362060546875
                ],
                [
                    0.6494511365890503,
                    0.5829102993011475,
                    -0.4882916212081909,
                    -2.570269823074341
                ],
                [
                    1.4901160305669237e-08,
                    0.6421481966972351,
                    0.7665804624557495,
                    4.035126686096191
                ],
                [
                    0.0,
                    0.0,
                    0.0,
                    1.0
                ]
            ],
            "transform_matrix_sun": [
                [
                    -0.050078727304935455,
                    0.8466017842292786,
                    -0.5298656821250916,
                    -1.1848156452178955
                ],
                [
                    -0.9987452626228333,
                    -0.04245000332593918,
                    0.0265683364123106,
                    0.059408605098724365
                ],
                [
                    1.8626450382086546e-09,
                    0.5305312275886536,
                    0.8476653695106506,
                    1.8954373598098755
                ],
                [
                    0.0,
                    0.0,
                    0.0,
                    1.0
                ]
            ]
        },
        {
            "file_path": "train/r_5",
            "rotation": 0.06283185307179587,
            "transform_matrix": [
                [
                    0.7604032158851624,
                    -0.49785664677619934,
                    0.4170439541339874,
                    2.1952362060546875
                ],
                [
                    0.6494511365890503,
                    0.5829102993011475,
                    -0.4882916212081909,
                    -2.570269823074341
                ],
                [
                    1.4901160305669237e-08,
                    0.6421481966972351,
                    0.7665804624557495,
                    4.035126686096191
                ],
                [
                    0.0,
                    0.0,
                    0.0,
                    1.0
                ]
            ],
            "transform_matrix_sun": [
                [
                    -0.7187955379486084,
                    0.6931334137916565,
                    -0.05384247004985809,
                    -0.12039542198181152
                ],
                [
                    -0.695221483707428,
                    -0.716636598110199,
                    0.055668193846940994,
                    0.12447786331176758
                ],
                [
                    0.0,
                    0.07744644582271576,
                    0.9969965219497681,
                    2.2293519973754883
                ],
                [
                    0.0,
                    0.0,
                    0.0,
                    1.0
                ]
            ]
        },
        {
            "file_path": "train/r_6",
            "rotation": 0.06283185307179587,
            "transform_matrix": [
                [
                    0.7604032158851624,
                    -0.49785664677619934,
                    0.4170439541339874,
                    2.1952362060546875
                ],
                [
                    0.6494511365890503,
                    0.5829102993011475,
                    -0.4882916212081909,
                    -2.570269823074341
                ],
                [
                    1.4901160305669237e-08,
                    0.6421481966972351,
                    0.7665804624557495,
                    4.035126686096191
                ],
                [
                    0.0,
                    0.0,
                    0.0,
                    1.0
                ]
            ],
            "transform_matrix_sun": [
                [
                    0.9646057486534119,
                    0.143477201461792,
                    -0.22124643623828888,
                    -0.49472206830978394
                ],
                [
                    -0.26369619369506836,
                    0.5248423218727112,
                    -0.8093236684799194,
                    -1.809702754020691
                ],
                [
                    0.0,
                    0.8390201926231384,
                    0.5441003441810608,
                    1.216645359992981
                ],
                [
                    0.0,
                    0.0,
                    0.0,
                    1.0
                ]
            ]
        },
        {
            "file_path": "train/r_7",
            "rotation": 0.06283185307179587,
            "transform_matrix": [
                [
                    0.7604032158851624,
                    -0.49785664677619934,
                    0.4170439541339874,
                    2.1952362060546875
                ],
                [
                    0.6494511365890503,
                    0.5829102993011475,
                    -0.4882916212081909,
                    -2.570269823074341
                ],
                [
                    1.4901160305669237e-08,
                    0.6421481966972351,
                    0.7665804624557495,
                    4.035126686096191
                ],
                [
                    0.0,
                    0.0,
                    0.0,
                    1.0
                ]
            ],
            "transform_matrix_sun": [
                [
                    0.9887526035308838,
                    -0.14951007068157196,
                    0.0038847068790346384,
                    0.008686468005180359
                ],
                [
                    0.14956054091453552,
                    0.9884189367294312,
                    -0.0256819985806942,
                    -0.05742669105529785
                ],
                [
                    -2.3283062977608182e-10,
                    0.025972189381718636,
                    0.9996626377105713,
                    2.2353134155273438
                ],
                [
                    0.0,
                    0.0,
                    0.0,
                    1.0
                ]
            ]
        },
        {
            "file_path": "train/r_8",
            "rotation": 0.06283185307179587,
            "transform_matrix": [
                [
                    0.7604032158851624,
                    -0.49785664677619934,
                    0.4170439541339874,
                    2.1952362060546875
                ],
                [
                    0.6494511365890503,
                    0.5829102993011475,
                    -0.4882916212081909,
                    -2.570269823074341
                ],
                [
                    1.4901160305669237e-08,
                    0.6421481966972351,
                    0.7665804624557495,
                    4.035126686096191
                ],
                [
                    0.0,
                    0.0,
                    0.0,
                    1.0
                ]
            ],
            "transform_matrix_sun": [
                [
                    -0.29194554686546326,
                    -0.8025758862495422,
                    0.5202304720878601,
                    1.1632708311080933
                ],
                [
                    0.9564349055290222,
                    -0.2449810653924942,
                    0.15879696607589722,
                    0.35508084297180176
                ],
                [
                    1.4901159417490817e-08,
                    0.5439267754554749,
                    0.8391326665878296,
                    1.8763577938079834
                ],
                [
                    0.0,
                    0.0,
                    0.0,
                    1.0
                ]
            ]
        },
        {
            "file_path": "train/r_9",
            "rotation": 0.06283185307179587,
            "transform_matrix": [
                [
                    0.7604032158851624,
                    -0.49785664677619934,
                    0.4170439541339874,
                    2.1952362060546875
                ],
                [
                    0.6494511365890503,
                    0.5829102993011475,
                    -0.4882916212081909,
                    -2.570269823074341
                ],
                [
                    1.4901160305669237e-08,
                    0.6421481966972351,
                    0.7665804624557495,
                    4.035126686096191
                ],
                [
                    0.0,
                    0.0,
                    0.0,
                    1.0
                ]
            ],
            "transform_matrix_sun": [
                [
                    -0.9990549683570862,
                    -0.03547589108347893,
                    0.02511243149638176,
                    0.056153103709220886
                ],
                [
                    0.04346461966633797,
                    -0.8154302835464478,
                    0.5772212147712708,
                    1.290705919265747
                ],
                [
                    0.0,
                    0.5777671337127686,
                    0.8162016272544861,
                    1.8250823020935059
                ],
                [
                    0.0,
                    0.0,
                    0.0,
                    1.0
                ]
            ]
        },
        {
            "file_path": "train/r_10",
            "rotation": 0.06283185307179587,
            "transform_matrix": [
                [
                    0.7604032158851624,
                    -0.49785664677619934,
                    0.4170439541339874,
                    2.1952362060546875
                ],
                [
                    0.6494511365890503,
                    0.5829102993011475,
                    -0.4882916212081909,
                    -2.570269823074341
                ],
                [
                    1.4901160305669237e-08,
                    0.6421481966972351,
                    0.7665804624557495,
                    4.035126686096191
                ],
                [
                    0.0,
                    0.0,
                    0.0,
                    1.0
                ]
            ],
            "transform_matrix_sun": [
                [
                    0.5830104947090149,
                    0.7841749787330627,
                    -0.21252849698066711,
                    -0.4752281904220581
                ],
                [
                    -0.8124646544456482,
                    0.5627103447914124,
                    -0.1525067687034607,
                    -0.3410155475139618
                ],
                [
                    -1.4901161193847656e-08,
                    0.2615848779678345,
                    0.9651803970336914,
                    2.1582090854644775
                ],
                [
                    0.0,
                    0.0,
                    0.0,
                    1.0
                ]
            ]
        },
        {
            "file_path": "train/r_11",
            "rotation": 0.06283185307179587,
            "transform_matrix": [
                [
                    0.7604032158851624,
                    -0.49785664677619934,
                    0.4170439541339874,
                    2.1952362060546875
                ],
                [
                    0.6494511365890503,
                    0.5829102993011475,
                    -0.4882916212081909,
                    -2.570269823074341
                ],
                [
                    1.4901160305669237e-08,
                    0.6421481966972351,
                    0.7665804624557495,
                    4.035126686096191
                ],
                [
                    0.0,
                    0.0,
                    0.0,
                    1.0
                ]
            ],
            "transform_matrix_sun": [
                [
                    0.472550630569458,
                    -0.741853654384613,
                    0.4757615327835083,
                    1.0638351440429688
                ],
                [
                    0.8813035488128662,
                    0.3977782726287842,
                    -0.2551009953022003,
                    -0.5704231858253479
                ],
                [
                    1.4901161193847656e-08,
                    0.5398385524749756,
                    0.8417686820030212,
                    1.8822519779205322
                ],
                [
                    0.0,
                    0.0,
                    0.0,
                    1.0
                ]
            ]
        },
        {
            "file_path": "train/r_12",
            "rotation": 0.06283185307179587,
            "transform_matrix": [
                [
                    0.7604032158851624,
                    -0.49785664677619934,
                    0.4170439541339874,
                    2.1952362060546875
                ],
                [
                    0.6494511365890503,
                    0.5829102993011475,
                    -0.4882916212081909,
                    -2.570269823074341
                ],
                [
                    1.4901160305669237e-08,
                    0.6421481966972351,
                    0.7665804624557495,
                    4.035126686096191
                ],
                [
                    0.0,
                    0.0,
                    0.0,
                    1.0
                ]
            ],
            "transform_matrix_sun": [
                [
                    0.8609187602996826,
                    0.5069251656532288,
                    -0.04296257346868515,
                    -0.09606721997261047
                ],
                [
                    -0.5087425112724304,
                    0.8578433990478516,
                    -0.07270336151123047,
                    -0.16256964206695557
                ],
                [
                    -3.725290298461914e-09,
                    0.08444875478744507,
                    0.9964278936386108,
                    2.2280802726745605
                ],
                [
                    0.0,
                    0.0,
                    0.0,
                    1.0
                ]
            ]
        },
        {
            "file_path": "train/r_13",
            "rotation": 0.06283185307179587,
            "transform_matrix": [
                [
                    0.7604032158851624,
                    -0.49785664677619934,
                    0.4170439541339874,
                    2.1952362060546875
                ],
                [
                    0.6494511365890503,
                    0.5829102993011475,
                    -0.4882916212081909,
                    -2.570269823074341
                ],
                [
                    1.4901160305669237e-08,
                    0.6421481966972351,
                    0.7665804624557495,
                    4.035126686096191
                ],
                [
                    0.0,
                    0.0,
                    0.0,
                    1.0
                ]
            ],
            "transform_matrix_sun": [
                [
                    0.7931499481201172,
                    0.6064597368240356,
                    -0.055854812264442444,
                    -0.12489515542984009
                ],
                [
                    -0.6090265512466431,
                    0.7898070812225342,
                    -0.0727410688996315,
                    -0.16265398263931274
                ],
                [
                    -3.725290742551124e-09,
                    0.09171190857887268,
                    0.9957855939865112,
                    2.226644277572632
                ],
                [
                    0.0,
                    0.0,
                    0.0,
                    1.0
                ]
            ]
        },
        {
            "file_path": "train/r_14",
            "rotation": 0.06283185307179587,
            "transform_matrix": [
                [
                    0.7604032158851624,
                    -0.49785664677619934,
                    0.4170439541339874,
                    2.1952362060546875
                ],
                [
                    0.6494511365890503,
                    0.5829102993011475,
                    -0.4882916212081909,
                    -2.570269823074341
                ],
                [
                    1.4901160305669237e-08,
                    0.6421481966972351,
                    0.7665804624557495,
                    4.035126686096191
                ],
                [
                    0.0,
                    0.0,
                    0.0,
                    1.0
                ]
            ],
            "transform_matrix_sun": [
                [
                    -0.6238548159599304,
                    0.6769579648971558,
                    -0.39055493474006653,
                    -0.8733073472976685
                ],
                [
                    -0.7815402746200562,
                    -0.5403732657432556,
                    0.31175559759140015,
                    0.6971067190170288
                ],
                [
                    0.0,
                    0.49972474575042725,
                    0.8661843538284302,
                    1.9368469715118408
                ],
                [
                    0.0,
                    0.0,
                    0.0,
                    1.0
                ]
            ]
        },
        {
            "file_path": "train/r_15",
            "rotation": 0.06283185307179587,
            "transform_matrix": [
                [
                    0.7604032158851624,
                    -0.49785664677619934,
                    0.4170439541339874,
                    2.1952362060546875
                ],
                [
                    0.6494511365890503,
                    0.5829102993011475,
                    -0.4882916212081909,
                    -2.570269823074341
                ],
                [
                    1.4901160305669237e-08,
                    0.6421481966972351,
                    0.7665804624557495,
                    4.035126686096191
                ],
                [
                    0.0,
                    0.0,
                    0.0,
                    1.0
                ]
            ],
            "transform_matrix_sun": [
                [
                    0.9967047572135925,
                    0.06208006665110588,
                    -0.052209220826625824,
                    -0.11674337089061737
                ],
                [
                    -0.08111558109521866,
                    0.7628064751625061,
                    -0.6415188312530518,
                    -1.4344797134399414
                ],
                [
                    0.0,
                    0.6436398029327393,
                    0.7653285264968872,
                    1.7113265991210938
                ],
                [
                    0.0,
                    0.0,
                    0.0,
                    1.0
                ]
            ]
        },
        {
            "file_path": "train/r_16",
            "rotation": 0.06283185307179587,
            "transform_matrix": [
                [
                    0.7604032158851624,
                    -0.49785664677619934,
                    0.4170439541339874,
                    2.1952362060546875
                ],
                [
                    0.6494511365890503,
                    0.5829102993011475,
                    -0.4882916212081909,
                    -2.570269823074341
                ],
                [
                    1.4901160305669237e-08,
                    0.6421481966972351,
                    0.7665804624557495,
                    4.035126686096191
                ],
                [
                    0.0,
                    0.0,
                    0.0,
                    1.0
                ]
            ],
            "transform_matrix_sun": [
                [
                    -0.7288798093795776,
                    -0.675934910774231,
                    0.10884056985378265,
                    0.24337488412857056
                ],
                [
                    0.6846417784690857,
                    -0.719610333442688,
                    0.11587327718734741,
                    0.2591004967689514
                ],
                [
                    7.450580596923828e-09,
                    0.15897461771965027,
                    0.9872827529907227,
                    2.2076311111450195
                ],
                [
                    0.0,
                    0.0,
                    0.0,
                    1.0
                ]
            ]
        },
        {
            "file_path": "train/r_17",
            "rotation": 0.06283185307179587,
            "transform_matrix": [
                [
                    0.7604032158851624,
                    -0.49785664677619934,
                    0.4170439541339874,
                    2.1952362060546875
                ],
                [
                    0.6494511365890503,
                    0.5829102993011475,
                    -0.4882916212081909,
                    -2.570269823074341
                ],
                [
                    1.4901160305669237e-08,
                    0.6421481966972351,
                    0.7665804624557495,
                    4.035126686096191
                ],
                [
                    0.0,
                    0.0,
                    0.0,
                    1.0
                ]
            ],
            "transform_matrix_sun": [
                [
                    0.7198827266693115,
                    0.39352697134017944,
                    -0.5717563629150391,
                    -1.2784861326217651
                ],
                [
                    -0.6940956115722656,
                    0.40814730525016785,
                    -0.5929982662200928,
                    -1.3259844779968262
                ],
                [
                    0.0,
                    0.8237428069114685,
                    0.5669635534286499,
                    1.2677690982818604
                ],
                [
                    0.0,
                    0.0,
                    0.0,
                    1.0
                ]
            ]
        },
        {
            "file_path": "train/r_18",
            "rotation": 0.06283185307179587,
            "transform_matrix": [
                [
                    0.7604032158851624,
                    -0.49785664677619934,
                    0.4170439541339874,
                    2.1952362060546875
                ],
                [
                    0.6494511365890503,
                    0.5829102993011475,
                    -0.4882916212081909,
                    -2.570269823074341
                ],
                [
                    1.4901160305669237e-08,
                    0.6421481966972351,
                    0.7665804624557495,
                    4.035126686096191
                ],
                [
                    0.0,
                    0.0,
                    0.0,
                    1.0
                ]
            ],
            "transform_matrix_sun": [
                [
                    0.6427506804466248,
                    -0.6369090676307678,
                    0.42569753527641296,
                    0.9518886208534241
                ],
                [
                    0.7660755515098572,
                    0.5343777537345886,
                    -0.35716763138771057,
                    -0.7986510992050171
                ],
                [
                    0.0,
                    0.5556860566139221,
                    0.8313921093940735,
                    1.8590493202209473
                ],
                [
                    0.0,
                    0.0,
                    0.0,
                    1.0
                ]
            ]
        },
        {
            "file_path": "train/r_19",
            "rotation": 0.06283185307179587,
            "transform_matrix": [
                [
                    0.7604032158851624,
                    -0.49785664677619934,
                    0.4170439541339874,
                    2.1952362060546875
                ],
                [
                    0.6494511365890503,
                    0.5829102993011475,
                    -0.4882916212081909,
                    -2.570269823074341
                ],
                [
                    1.4901160305669237e-08,
                    0.6421481966972351,
                    0.7665804624557495,
                    4.035126686096191
                ],
                [
                    0.0,
                    0.0,
                    0.0,
                    1.0
                ]
            ],
            "transform_matrix_sun": [
                [
                    -0.7063923478126526,
                    0.4272252321243286,
                    -0.5643479228019714,
                    -1.2619203329086304
                ],
                [
                    -0.7078205943107605,
                    -0.42636314034461975,
                    0.5632091164588928,
                    1.2593739032745361
                ],
                [
                    -1.4901159417490817e-08,
                    0.7973036170005798,
                    0.6035783886909485,
                    1.349642276763916
                ],
                [
                    0.0,
                    0.0,
                    0.0,
                    1.0
                ]
            ]
        },
        {
            "file_path": "train/r_20",
            "rotation": 0.06283185307179587,
            "transform_matrix": [
                [
                    0.7604032158851624,
                    -0.49785664677619934,
                    0.4170439541339874,
                    2.1952362060546875
                ],
                [
                    0.6494511365890503,
                    0.5829102993011475,
                    -0.4882916212081909,
                    -2.570269823074341
                ],
                [
                    1.4901160305669237e-08,
                    0.6421481966972351,
                    0.7665804624557495,
                    4.035126686096191
                ],
                [
                    0.0,
                    0.0,
                    0.0,
                    1.0
                ]
            ],
            "transform_matrix_sun": [
                [
                    -0.9890795946121216,
                    0.14386123418807983,
                    -0.03202466666698456,
                    -0.07160933315753937
                ],
                [
                    -0.14738263189792633,
                    -0.9654476642608643,
                    0.21491639316082,
                    0.4805676341056824
                ],
                [
                    -1.862645149230957e-09,
                    0.21728922426700592,
                    0.9761072397232056,
                    2.1826419830322266
                ],
                [
                    0.0,
                    0.0,
                    0.0,
                    1.0
                ]
            ]
        },
        {
            "file_path": "train/r_21",
            "rotation": 0.06283185307179587,
            "transform_matrix": [
                [
                    0.7604032158851624,
                    -0.49785664677619934,
                    0.4170439541339874,
                    2.1952362060546875
                ],
                [
                    0.6494511365890503,
                    0.5829102993011475,
                    -0.4882916212081909,
                    -2.570269823074341
                ],
                [
                    1.4901160305669237e-08,
                    0.6421481966972351,
                    0.7665804624557495,
                    4.035126686096191
                ],
                [
                    0.0,
                    0.0,
                    0.0,
                    1.0
                ]
            ],
            "transform_matrix_sun": [
                [
                    0.36391928791999817,
                    -0.4730604887008667,
                    0.8023568391799927,
                    1.7941244840621948
                ],
                [
                    0.9314303994178772,
                    0.18482951819896698,
                    -0.3134889304637909,
                    -0.7009825706481934
                ],
                [
                    0.0,
                    0.8614242672920227,
                    0.5078859925270081,
                    1.1356675624847412
                ],
                [
                    0.0,
                    0.0,
                    0.0,
                    1.0
                ]
            ]
        },
        {
            "file_path": "train/r_22",
            "rotation": 0.06283185307179587,
            "transform_matrix": [
                [
                    0.7604032158851624,
                    -0.49785664677619934,
                    0.4170439541339874,
                    2.1952362060546875
                ],
                [
                    0.6494511365890503,
                    0.5829102993011475,
                    -0.4882916212081909,
                    -2.570269823074341
                ],
                [
                    1.4901160305669237e-08,
                    0.6421481966972351,
                    0.7665804624557495,
                    4.035126686096191
                ],
                [
                    0.0,
                    0.0,
                    0.0,
                    1.0
                ]
            ],
            "transform_matrix_sun": [
                [
                    0.954190731048584,
                    -0.2622022032737732,
                    0.14411868155002594,
                    0.32225918769836426
                ],
                [
                    0.29919925332069397,
                    0.8362016677856445,
                    -0.4596157670021057,
                    -1.0277321338653564
                ],
                [
                    -1.4901161193847656e-08,
                    0.48168131709098816,
                    0.8763464689254761,
                    1.959570288658142
                ],
                [
                    0.0,
                    0.0,
                    0.0,
                    1.0
                ]
            ]
        },
        {
            "file_path": "train/r_23",
            "rotation": 0.06283185307179587,
            "transform_matrix": [
                [
                    0.7604032158851624,
                    -0.49785664677619934,
                    0.4170439541339874,
                    2.1952362060546875
                ],
                [
                    0.6494511365890503,
                    0.5829102993011475,
                    -0.4882916212081909,
                    -2.570269823074341
                ],
                [
                    1.4901160305669237e-08,
                    0.6421481966972351,
                    0.7665804624557495,
                    4.035126686096191
                ],
                [
                    0.0,
                    0.0,
                    0.0,
                    1.0
                ]
            ],
            "transform_matrix_sun": [
                [
                    0.4123360514640808,
                    0.9105119109153748,
                    -0.030775239691138268,
                    -0.06881552934646606
                ],
                [
                    -0.9110318422317505,
                    0.41210076212882996,
                    -0.013928976841270924,
                    -0.031146138906478882
                ],
                [
                    0.0,
                    0.03378061577677727,
                    0.9994292259216309,
                    2.2347917556762695
                ],
                [
                    0.0,
                    0.0,
                    0.0,
                    1.0
                ]
            ]
        },
        {
            "file_path": "train/r_24",
            "rotation": 0.06283185307179587,
