{
    "camera_angle_x": 0.6911112070083618,
    "frames": [
        {
            "file_path": "train/r_0",
            "rotation": 0.06283185307179587,
            "transform_matrix": [
                [
                    0.39233699440956116,
                    0.6734112501144409,
                    -0.6265692114830017,
                    -3.7724459171295166
                ],
                [
                    -0.9198215007781982,
                    0.28723418712615967,
                    -0.2672543525695801,
                    -1.609084129333496
                ],
                [
                    1.4901159417490817e-08,
                    0.6811856031417847,
                    0.7321107983589172,
                    4.407890319824219
                ],
                [
                    0.0,
                    0.0,
                    0.0,
                    1.0
                ]
            ],
            "transform_matrix_sun": [
                [
                    0.9580093026161194,
                    -0.13775277137756348,
                    0.2514806389808655,
                    0.5623278021812439
                ],
                [
                    0.2867374122142792,
                    0.4602414071559906,
                    -0.8402139544487,
                    -1.8787755966186523
                ],
                [
                    0.0,
                    0.8770415782928467,
                    0.48041439056396484,
                    1.0742392539978027
                ],
                [
                    0.0,
                    0.0,
                    0.0,
                    1.0
                ]
            ]
        },
        {
            "file_path": "train/r_1",
            "rotation": 0.06283185307179587,
            "transform_matrix": [
                [
                    0.39233699440956116,
                    0.6734112501144409,
                    -0.6265692114830017,
                    -3.7724459171295166
                ],
                [
                    -0.9198215007781982,
                    0.28723418712615967,
                    -0.2672543525695801,
                    -1.609084129333496
                ],
                [
                    1.4901159417490817e-08,
                    0.6811856031417847,
                    0.7321107983589172,
                    4.407890319824219
                ],
                [
                    0.0,
                    0.0,
                    0.0,
                    1.0
                ]
            ],
            "transform_matrix_sun": [
                [
                    -0.9361382722854614,
                    -0.20085543394088745,
                    0.28862157464027405,
                    0.6453774571418762
                ],
                [
                    0.35163238644599915,
                    -0.5347301363945007,
                    0.7683867812156677,
                    1.7181651592254639
                ],
                [
                    -1.4901162970204496e-08,
                    0.8208048939704895,
                    0.5712085962295532,
                    1.2772612571716309
                ],
                [
                    0.0,
                    0.0,
                    0.0,
                    1.0
                ]
            ]
        },
        {
            "file_path": "train/r_2",
            "rotation": 0.06283185307179587,
            "transform_matrix": [
                [
                    0.39233699440956116,
                    0.6734112501144409,
                    -0.6265692114830017,
                    -3.7724459171295166
                ],
                [
                    -0.9198215007781982,
                    0.28723418712615967,
                    -0.2672543525695801,
                    -1.609084129333496
                ],
                [
                    1.4901159417490817e-08,
                    0.6811856031417847,
                    0.7321107983589172,
                    4.407890319824219
                ],
                [
                    0.0,
                    0.0,
                    0.0,
                    1.0
                ]
            ],
            "transform_matrix_sun": [
                [
                    -0.9936337471008301,
                    0.07095607370138168,
                    -0.08750610798597336,
                    -0.19566960632801056
                ],
                [
                    -0.11265915632247925,
                    -0.6258199214935303,
                    0.7717882990837097,
                    1.7257710695266724
                ],
                [
                    0.0,
                    0.7767332792282104,
                    0.6298297047615051,
                    1.4083420038223267
                ],
                [
                    0.0,
                    0.0,
                    0.0,
                    1.0
                ]
            ]
        },
        {
            "file_path": "train/r_3",
            "rotation": 0.06283185307179587,
            "transform_matrix": [
                [
                    0.39233699440956116,
                    0.6734112501144409,
                    -0.6265692114830017,
                    -3.7724459171295166
                ],
                [
                    -0.9198215007781982,
                    0.28723418712615967,
                    -0.2672543525695801,
                    -1.609084129333496
                ],
                [
                    1.4901159417490817e-08,
                    0.6811856031417847,
                    0.7321107983589172,
                    4.407890319824219
                ],
                [
                    0.0,
                    0.0,
                    0.0,
                    1.0
                ]
            ],
            "transform_matrix_sun": [
                [
                    -0.8977602124214172,
                    -0.42544475197792053,
                    0.11412032693624496,
                    0.25518083572387695
                ],
                [
                    0.44048458337783813,
                    -0.8671072125434875,
                    0.23259083926677704,
                    0.5200889706611633
                ],
                [
                    7.450580596923828e-09,
                    0.2590789198875427,
                    0.9658560752868652,
                    2.159719944000244
                ],
                [
                    0.0,
                    0.0,
                    0.0,
                    1.0
                ]
            ]
        },
        {
            "file_path": "train/r_4",
            "rotation": 0.06283185307179587,
            "transform_matrix": [
                [
                    0.39233699440956116,
                    0.6734112501144409,
                    -0.6265692114830017,
                    -3.7724459171295166
                ],
                [
                    -0.9198215007781982,
                    0.28723418712615967,
                    -0.2672543525695801,
                    -1.609084129333496
                ],
                [
                    1.4901159417490817e-08,
                    0.6811856031417847,
                    0.7321107983589172,
                    4.407890319824219
                ],
                [
                    0.0,
                    0.0,
                    0.0,
                    1.0
                ]
            ],
            "transform_matrix_sun": [
                [
                    -0.44462764263153076,
                    0.7180050611495972,
                    -0.5355137586593628,
                    -1.1974451541900635
                ],
                [
                    -0.8957154750823975,
                    -0.3564132750034332,
                    0.26582571864128113,
                    0.594404399394989
                ],
                [
                    0.0,
                    0.5978614687919617,
                    0.8015994429588318,
                    1.7924308776855469
                ],
                [
                    0.0,
                    0.0,
                    0.0,
                    1.0
                ]
            ]
        },
        {
            "file_path": "train/r_5",
            "rotation": 0.06283185307179587,
            "transform_matrix": [
                [
                    0.39233699440956116,
                    0.6734112501144409,
                    -0.6265692114830017,
                    -3.7724459171295166
                ],
                [
                    -0.9198215007781982,
                    0.28723418712615967,
                    -0.2672543525695801,
                    -1.609084129333496
                ],
                [
                    1.4901159417490817e-08,
                    0.6811856031417847,
                    0.7321107983589172,
                    4.407890319824219
                ],
                [
                    0.0,
                    0.0,
                    0.0,
                    1.0
                ]
            ],
            "transform_matrix_sun": [
                [
                    0.988548755645752,
                    0.14736512303352356,
                    -0.03247949853539467,
                    -0.07262635976076126
                ],
                [
                    -0.1509019285440445,
                    0.9653793573379517,
                    -0.21277110278606415,
                    -0.47577059268951416
                ],
                [
                    0.0,
                    0.21523556113243103,
                    0.9765621423721313,
                    2.183659076690674
                ],
                [
                    0.0,
                    0.0,
                    0.0,
                    1.0
                ]
            ]
        },
        {
            "file_path": "train/r_6",
            "rotation": 0.06283185307179587,
            "transform_matrix": [
                [
                    0.39233699440956116,
                    0.6734112501144409,
                    -0.6265692114830017,
                    -3.7724459171295166
                ],
                [
                    -0.9198215007781982,
                    0.28723418712615967,
                    -0.2672543525695801,
                    -1.609084129333496
                ],
                [
                    1.4901159417490817e-08,
                    0.6811856031417847,
                    0.7321107983589172,
                    4.407890319824219
                ],
                [
                    0.0,
                    0.0,
                    0.0,
                    1.0
                ]
            ],
            "transform_matrix_sun": [
                [
                    0.46126729249954224,
                    0.8181983828544617,
                    -0.34319666028022766,
                    -0.7674110531806946
                ],
                [
                    -0.8872612118721008,
                    0.42536309361457825,
                    -0.178420290350914,
                    -0.3989599049091339
                ],
                [
                    0.0,
                    0.3868044912815094,
                    0.9221616983413696,
                    2.062016248703003
                ],
                [
                    0.0,
                    0.0,
                    0.0,
                    1.0
                ]
            ]
        },
        {
            "file_path": "train/r_7",
            "rotation": 0.06283185307179587,
            "transform_matrix": [
                [
                    0.39233699440956116,
                    0.6734112501144409,
                    -0.6265692114830017,
                    -3.7724459171295166
                ],
                [
                    -0.9198215007781982,
                    0.28723418712615967,
                    -0.2672543525695801,
                    -1.609084129333496
                ],
                [
                    1.4901159417490817e-08,
                    0.6811856031417847,
                    0.7321107983589172,
                    4.407890319824219
                ],
                [
                    0.0,
                    0.0,
                    0.0,
                    1.0
                ]
            ],
            "transform_matrix_sun": [
                [
                    0.7027202844619751,
                    0.5577818751335144,
                    -0.44165995717048645,
                    -0.987581729888916
                ],
                [
                    -0.7114661931991577,
                    0.5509251952171326,
                    -0.43623071908950806,
                    -0.975441575050354
                ],
                [
                    1.4901161193847656e-08,
                    0.6207743287086487,
                    0.7839893102645874,
                    1.7530534267425537
                ],
                [
                    0.0,
                    0.0,
                    0.0,
                    1.0
                ]
            ]
        },
        {
            "file_path": "train/r_8",
            "rotation": 0.06283185307179587,
            "transform_matrix": [
                [
                    0.39233699440956116,
                    0.6734112501144409,
                    -0.6265692114830017,
                    -3.7724459171295166
                ],
                [
                    -0.9198215007781982,
                    0.28723418712615967,
                    -0.2672543525695801,
                    -1.609084129333496
                ],
                [
                    1.4901159417490817e-08,
                    0.6811856031417847,
                    0.7321107983589172,
                    4.407890319824219
                ],
                [
                    0.0,
                    0.0,
                    0.0,
                    1.0
                ]
            ],
            "transform_matrix_sun": [
                [
                    0.9620668888092041,
                    0.24718327820301056,
                    -0.11544603854417801,
                    -0.25814521312713623
                ],
                [
                    -0.2728137671947479,
                    0.8716819286346436,
                    -0.4071158170700073,
                    -0.9103386998176575
                ],
                [
                    7.450580596923828e-09,
                    0.4231678545475006,
                    0.9060511589050293,
                    2.0259921550750732
                ],
                [
                    0.0,
                    0.0,
                    0.0,
                    1.0
                ]
            ]
        },
        {
            "file_path": "train/r_9",
            "rotation": 0.06283185307179587,
            "transform_matrix": [
                [
                    0.39233699440956116,
                    0.6734112501144409,
                    -0.6265692114830017,
                    -3.7724459171295166
                ],
                [
                    -0.9198215007781982,
                    0.28723418712615967,
                    -0.2672543525695801,
                    -1.609084129333496
                ],
                [
                    1.4901159417490817e-08,
                    0.6811856031417847,
                    0.7321107983589172,
                    4.407890319824219
                ],
                [
                    0.0,
                    0.0,
                    0.0,
                    1.0
                ]
            ],
            "transform_matrix_sun": [
                [
                    0.8195757269859314,
                    -0.561133623123169,
                    0.11586514115333557,
                    0.2590823471546173
                ],
                [
                    0.572970986366272,
                    0.8026436567306519,
                    -0.16573309898376465,
                    -0.3705905079841614
                ],
                [
                    -7.450580596923828e-09,
                    0.20221813023090363,
                    0.9793404936790466,
                    2.1898720264434814
                ],
                [
                    0.0,
                    0.0,
                    0.0,
                    1.0
                ]
            ]
        },
        {
            "file_path": "train/r_10",
            "rotation": 0.06283185307179587,
            "transform_matrix": [
                [
                    0.39233699440956116,
                    0.6734112501144409,
                    -0.6265692114830017,
                    -3.7724459171295166
                ],
                [
                    -0.9198215007781982,
                    0.28723418712615967,
                    -0.2672543525695801,
                    -1.609084129333496
                ],
                [
                    1.4901159417490817e-08,
                    0.6811856031417847,
                    0.7321107983589172,
                    4.407890319824219
                ],
                [
                    0.0,
                    0.0,
                    0.0,
                    1.0
                ]
            ],
            "transform_matrix_sun": [
                [
                    -0.13482865691184998,
                    0.9883778095245361,
                    -0.07021793723106384,
                    -0.15701210498809814
                ],
                [
                    -0.9908689260482788,
                    -0.13448970019817352,
                    0.009554634802043438,
                    0.021364815533161163
                ],
                [
                    -9.313225746154785e-10,
                    0.07086444646120071,
                    0.997485876083374,
                    2.2304463386535645
                ],
                [
                    0.0,
                    0.0,
                    0.0,
                    1.0
                ]
            ]
        },
        {
            "file_path": "train/r_11",
            "rotation": 0.06283185307179587,
            "transform_matrix": [
                [
                    0.39233699440956116,
                    0.6734112501144409,
                    -0.6265692114830017,
                    -3.7724459171295166
                ],
                [
                    -0.9198215007781982,
                    0.28723418712615967,
                    -0.2672543525695801,
                    -1.609084129333496
                ],
                [
                    1.4901159417490817e-08,
                    0.6811856031417847,
                    0.7321107983589172,
                    4.407890319824219
                ],
                [
                    0.0,
                    0.0,
                    0.0,
                    1.0
                ]
            ],
            "transform_matrix_sun": [
                [
                    -0.9458566904067993,
                    -0.2802281081676483,
                    0.16379038989543915,
                    0.36624646186828613
                ],
                [
                    0.3245844542980194,
                    -0.8165997862815857,
                    0.47729402780532837,
                    1.0672619342803955
                ],
                [
                    0.0,
                    0.5046155452728271,
                    0.863344132900238,
                    1.9304962158203125
                ],
                [
                    0.0,
                    0.0,
                    0.0,
                    1.0
                ]
            ]
        },
        {
            "file_path": "train/r_12",
            "rotation": 0.06283185307179587,
            "transform_matrix": [
                [
                    0.39233699440956116,
                    0.6734112501144409,
                    -0.6265692114830017,
                    -3.7724459171295166
                ],
                [
                    -0.9198215007781982,
                    0.28723418712615967,
                    -0.2672543525695801,
                    -1.609084129333496
                ],
                [
                    1.4901159417490817e-08,
                    0.6811856031417847,
                    0.7321107983589172,
                    4.407890319824219
                ],
                [
                    0.0,
                    0.0,
                    0.0,
                    1.0
                ]
            ],
            "transform_matrix_sun": [
                [
                    -0.30756574869155884,
                    0.7219579815864563,
                    -0.61982262134552,
                    -1.3859655857086182
                ],
                [
                    -0.9515268802642822,
                    -0.23336127400398254,
                    0.2003476768732071,
                    0.4479910433292389
                ],
                [
                    1.4901161193847656e-08,
                    0.6513979434967041,
                    0.758736252784729,
                    1.6965858936309814
                ],
                [
                    0.0,
                    0.0,
                    0.0,
                    1.0
                ]
            ]
        },
        {
            "file_path": "train/r_13",
            "rotation": 0.06283185307179587,
            "transform_matrix": [
                [
                    0.39233699440956116,
                    0.6734112501144409,
                    -0.6265692114830017,
                    -3.7724459171295166
                ],
                [
                    -0.9198215007781982,
                    0.28723418712615967,
                    -0.2672543525695801,
                    -1.609084129333496
                ],
                [
                    1.4901159417490817e-08,
                    0.6811856031417847,
                    0.7321107983589172,
                    4.407890319824219
                ],
                [
                    0.0,
                    0.0,
                    0.0,
                    1.0
                ]
            ],
            "transform_matrix_sun": [
                [
                    0.2926017940044403,
                    -0.9228919744491577,
                    0.25030916929244995,
                    0.559708297252655
                ],
                [
                    0.9562343955039978,
                    0.2823992073535919,
                    -0.0765930563211441,
                    -0.1712672859430313
                ],
                [
                    7.450580596923828e-09,
                    0.26176536083221436,
                    0.9651315212249756,
                    2.15809965133667
                ],
                [
                    0.0,
                    0.0,
                    0.0,
                    1.0
                ]
            ]
        },
        {
            "file_path": "train/r_14",
            "rotation": 0.06283185307179587,
            "transform_matrix": [
                [
                    0.39233699440956116,
                    0.6734112501144409,
                    -0.6265692114830017,
                    -3.7724459171295166
                ],
                [
                    -0.9198215007781982,
                    0.28723418712615967,
                    -0.2672543525695801,
                    -1.609084129333496
                ],
                [
                    1.4901159417490817e-08,
                    0.6811856031417847,
                    0.7321107983589172,
                    4.407890319824219
                ],
                [
                    0.0,
                    0.0,
                    0.0,
                    1.0
                ]
            ],
            "transform_matrix_sun": [
                [
                    0.2968566119670868,
                    0.6030691266059875,
                    -0.7403944134712219,
                    -1.6555722951889038
                ],
                [
                    -0.954922080039978,
                    0.18747608363628387,
                    -0.23016639053821564,
                    -0.5146676898002625
                ],
                [
                    0.0,
                    0.7753453254699707,
                    0.6315374374389648,
                    1.4121606349945068
                ],
                [
                    0.0,
                    0.0,
                    0.0,
                    1.0
                ]
            ]
        },
        {
            "file_path": "train/r_15",
            "rotation": 0.06283185307179587,
            "transform_matrix": [
                [
                    0.39233699440956116,
                    0.6734112501144409,
                    -0.6265692114830017,
                    -3.7724459171295166
                ],
                [
                    -0.9198215007781982,
                    0.28723418712615967,
                    -0.2672543525695801,
                    -1.609084129333496
                ],
                [
                    1.4901159417490817e-08,
                    0.6811856031417847,
                    0.7321107983589172,
                    4.407890319824219
                ],
                [
                    0.0,
                    0.0,
                    0.0,
                    1.0
                ]
            ],
            "transform_matrix_sun": [
                [
                    0.5699609518051147,
                    -0.5241594910621643,
                    0.63277268409729,
                    1.4149229526519775
                ],
                [
                    0.8216719031333923,
                    0.36358851194381714,
                    -0.43892914056777954,
                    -0.9814754724502563
                ],
                [
                    -1.4901162970204496e-08,
                    0.7701040506362915,
                    0.63791823387146,
                    1.4264286756515503
                ],
                [
                    0.0,
                    0.0,
                    0.0,
                    1.0
                ]
            ]
        },
        {
            "file_path": "train/r_16",
            "rotation": 0.06283185307179587,
            "transform_matrix": [
                [
                    0.39233699440956116,
                    0.6734112501144409,
                    -0.6265692114830017,
                    -3.7724459171295166
                ],
                [
                    -0.9198215007781982,
                    0.28723418712615967,
                    -0.2672543525695801,
                    -1.609084129333496
                ],
                [
                    1.4901159417490817e-08,
                    0.6811856031417847,
                    0.7321107983589172,
                    4.407890319824219
                ],
                [
                    0.0,
                    0.0,
                    0.0,
                    1.0
                ]
            ],
            "transform_matrix_sun": [
                [
                    -0.49303844571113586,
                    -0.8033384084701538,
                    0.3340066373348236,
                    0.7468615770339966
                ],
                [
                    0.8700075745582581,
                    -0.4552566409111023,
                    0.189283549785614,
                    0.42325088381767273
                ],
                [
                    -1.4901162970204496e-08,
                    0.3839123547077179,
                    0.9233695268630981,
                    2.0647170543670654
                ],
                [
                    0.0,
                    0.0,
                    0.0,
                    1.0
                ]
            ]
        },
        {
            "file_path": "train/r_17",
            "rotation": 0.06283185307179587,
            "transform_matrix": [
                [
                    0.39233699440956116,
                    0.6734112501144409,
                    -0.6265692114830017,
                    -3.7724459171295166
                ],
                [
                    -0.9198215007781982,
                    0.28723418712615967,
                    -0.2672543525695801,
                    -1.609084129333496
                ],
                [
                    1.4901159417490817e-08,
                    0.6811856031417847,
                    0.7321107983589172,
                    4.407890319824219
                ],
                [
                    0.0,
                    0.0,
                    0.0,
                    1.0
                ]
            ],
            "transform_matrix_sun": [
                [
                    0.44435495138168335,
                    0.892641007900238,
                    -0.07576674222946167,
                    -0.16941958665847778
                ],
                [
                    -0.8958508372306824,
                    0.4427628219127655,
                    -0.03758139908313751,
                    -0.08403456211090088
                ],
                [
                    0.0,
                    0.08457533270120621,
                    0.9964171051979065,
                    2.2280564308166504
                ],
                [
                    0.0,
                    0.0,
                    0.0,
                    1.0
                ]
            ]
        },
        {
            "file_path": "train/r_18",
            "rotation": 0.06283185307179587,
            "transform_matrix": [
                [
                    0.39233699440956116,
                    0.6734112501144409,
                    -0.6265692114830017,
                    -3.7724459171295166
                ],
                [
                    -0.9198215007781982,
                    0.28723418712615967,
                    -0.2672543525695801,
                    -1.609084129333496
                ],
                [
                    1.4901159417490817e-08,
                    0.6811856031417847,
                    0.7321107983589172,
                    4.407890319824219
                ],
                [
                    0.0,
                    0.0,
                    0.0,
                    1.0
                ]
            ],
            "transform_matrix_sun": [
                [
                    -0.9393733739852905,
                    0.31357622146606445,
                    -0.13873638212680817,
                    -0.31022393703460693
                ],
                [
                    -0.3428962528705597,
                    -0.8590503334999084,
                    0.3800719976425171,
                    0.8498667478561401
                ],
                [
                    7.450580596923828e-09,
                    0.40460166335105896,
                    0.9144930839538574,
                    2.0448684692382812
                ],
                [
                    0.0,
                    0.0,
                    0.0,
                    1.0
                ]
            ]
        },
        {
            "file_path": "train/r_19",
            "rotation": 0.06283185307179587,
            "transform_matrix": [
                [
                    0.39233699440956116,
                    0.6734112501144409,
                    -0.6265692114830017,
                    -3.7724459171295166
                ],
                [
                    -0.9198215007781982,
                    0.28723418712615967,
                    -0.2672543525695801,
                    -1.609084129333496
                ],
                [
                    1.4901159417490817e-08,
                    0.6811856031417847,
                    0.7321107983589172,
                    4.407890319824219
                ],
                [
                    0.0,
                    0.0,
                    0.0,
                    1.0
                ]
            ],
            "transform_matrix_sun": [
                [
                    -0.8148161172866821,
                    0.3327287435531616,
                    -0.474727600812912,
                    -1.061523199081421
                ],
                [
                    -0.5797195434570312,
                    -0.46766188740730286,
                    0.6672462821006775,
                    1.492008090019226
                ],
                [
                    0.0,
                    0.8188919425010681,
                    0.5739477872848511,
                    1.28338623046875
                ],
                [
                    0.0,
                    0.0,
                    0.0,
                    1.0
                ]
            ]
        },
        {
            "file_path": "train/r_20",
            "rotation": 0.06283185307179587,
            "transform_matrix": [
                [
                    0.39233699440956116,
                    0.6734112501144409,
                    -0.6265692114830017,
                    -3.7724459171295166
                ],
                [
                    -0.9198215007781982,
                    0.28723418712615967,
                    -0.2672543525695801,
                    -1.609084129333496
                ],
                [
                    1.4901159417490817e-08,
                    0.6811856031417847,
                    0.7321107983589172,
                    4.407890319824219
                ],
                [
                    0.0,
                    0.0,
                    0.0,
                    1.0
                ]
            ],
            "transform_matrix_sun": [
                [
                    0.9155742526054382,
                    -0.39986884593963623,
                    0.0427633635699749,
                    0.09562179446220398
                ],
                [
                    0.40214893221855164,
                    0.9103831648826599,
                    -0.0973595380783081,
                    -0.21770256757736206
                ],
                [
                    0.0,
                    0.10633668303489685,
                    0.994330108165741,
                    2.2233898639678955
                ],
                [
                    0.0,
                    0.0,
                    0.0,
                    1.0
                ]
            ]
        },
        {
            "file_path": "train/r_21",
            "rotation": 0.06283185307179587,
            "transform_matrix": [
                [
                    0.39233699440956116,
                    0.6734112501144409,
                    -0.6265692114830017,
                    -3.7724459171295166
                ],
                [
                    -0.9198215007781982,
                    0.28723418712615967,
                    -0.2672543525695801,
                    -1.609084129333496
                ],
                [
                    1.4901159417490817e-08,
                    0.6811856031417847,
                    0.7321107983589172,
                    4.407890319824219
                ],
                [
                    0.0,
                    0.0,
                    0.0,
                    1.0
                ]
            ],
            "transform_matrix_sun": [
                [
                    0.2816835045814514,
                    -0.6672062277793884,
                    0.6895580291748047,
                    1.5418986082077026
                ],
                [
                    0.959507405757904,
                    0.19587236642837524,
                    -0.2024342119693756,
                    -0.45265665650367737
                ],
                [
                    0.0,
                    0.7186582684516907,
                    0.6953633427619934,
                    1.5548796653747559
                ],
                [
                    0.0,
                    0.0,
                    0.0,
                    1.0
                ]
            ]
        },
        {
            "file_path": "train/r_22",
            "rotation": 0.06283185307179587,
            "transform_matrix": [
                [
                    0.39233699440956116,
                    0.6734112501144409,
                    -0.6265692114830017,
                    -3.7724459171295166
                ],
                [
                    -0.9198215007781982,
                    0.28723418712615967,
                    -0.2672543525695801,
                    -1.609084129333496
                ],
                [
                    1.4901159417490817e-08,
                    0.6811856031417847,
                    0.7321107983589172,
                    4.407890319824219
                ],
                [
                    0.0,
                    0.0,
                    0.0,
                    1.0
                ]
            ],
            "transform_matrix_sun": [
                [
                    -0.48042750358581543,
                    0.8655604720115662,
                    -0.1414017677307129,
                    -0.31618398427963257
                ],
                [
                    -0.8770345449447632,
                    -0.4741421937942505,
                    0.077457956969738,
                    0.17320126295089722
                ],
                [
                    7.450581485102248e-09,
                    0.16122707724571228,
                    0.9869173169136047,
                    2.2068142890930176
                ],
                [
                    0.0,
                    0.0,
                    0.0,
                    1.0
                ]
            ]
        },
        {
            "file_path": "train/r_23",
            "rotation": 0.06283185307179587,
            "transform_matrix": [
                [
                    0.39233699440956116,
                    0.6734112501144409,
                    -0.6265692114830017,
                    -3.7724459171295166
                ],
                [
                    -0.9198215007781982,
                    0.28723418712615967,
                    -0.2672543525695801,
                    -1.609084129333496
                ],
                [
                    1.4901159417490817e-08,
                    0.6811856031417847,
                    0.7321107983589172,
                    4.407890319824219
                ],
                [
                    0.0,
                    0.0,
                    0.0,
                    1.0
                ]
            ],
            "transform_matrix_sun": [
                [
                    -0.6756840348243713,
                    0.6917058825492859,
                    -0.25493934750556946,
                    -0.5700616836547852
                ],
                [
                    -0.7371914386749268,
                    -0.6339935660362244,
                    0.23366855084896088,
                    0.5224987268447876
                ],
                [
                    -1.4901159417490817e-08,
                    0.34582531452178955,
                    0.9382990002632141,
                    2.098100185394287
                ],
                [
                    0.0,
                    0.0,
                    0.0,
                    1.0
                ]
            ]
        },
        {
            "file_path": "train/r_24",
