{
    "camera_angle_x": 0.6911112070083618,
    "frames": [
        {
            "file_path": "train_SUN/image/r_000",
            "rotation": 0.06283185307179587,
            "transform_matrix": [
                [
                    -0.8979747295379639,
                    0.4215308725833893,
                    -0.12630543112754822,
                    -0.5091534852981567
                ],
                [
                    -0.44004693627357483,
                    -0.8601902723312378,
                    0.2577431797981262,
                    1.0389959812164307
                ],
                [
                    0.0,
                    0.28702712059020996,
                    0.9579224586486816,
                    3.861508846282959
                ],
                [
                    0.0,
                    0.0,
                    0.0,
                    1.0
                ]
            ],
            "transform_matrix_sun": [
                [
                    -1.0,
                    0.0,
                    0.0,
                    0.0
                ],
                [
                    0.0,
                    -0.4472135603427887,
                    0.8944271802902222,
                    2.0
                ],
                [
                    0.0,
                    0.8944271206855774,
                    0.4472135901451111,
                    1.0
                ],
                [
                    0.0,
                    0.0,
                    0.0,
                    1.0
                ]
            ]
        },
        {
            "file_path": "train_SUN/image/r_003",
            "rotation": 0.06283185307179587,
            "transform_matrix": [
                [
                    0.7600391507148743,
                    0.08242616057395935,
                    -0.6446288228034973,
                    -2.5985817909240723
                ],
                [
                    -0.6498772501945496,
                    0.09639838337898254,
                    -0.7539011240005493,
                    -3.0390727519989014
                ],
                [
                    0.0,
                    0.9919241070747375,
                    0.12683342397212982,
                    0.5112819075584412
                ],
                [
                    0.0,
                    0.0,
                    0.0,
                    1.0
                ]
            ],
            "transform_matrix_sun": [
                [
                    -1.0,
                    0.0,
                    0.0,
                    0.0
                ],
                [
                    0.0,
                    -0.4472135603427887,
                    0.8944271802902222,
                    2.0
                ],
                [
                    0.0,
                    0.8944271206855774,
                    0.4472135901451111,
                    1.0
                ],
                [
                    0.0,
                    0.0,
                    0.0,
                    1.0
                ]
            ]
        },
        {
            "file_path": "train_SUN/image/r_007",
            "rotation": 0.06283185307179587,
            "transform_matrix": [
                [
                    -0.9928713440895081,
                    0.08257966488599777,
                    -0.08594787120819092,
                    -0.34646695852279663
                ],
                [
                    -0.1191907674074173,
                    -0.6878971457481384,
                    0.715954601764679,
                    2.8861052989959717
                ],
                [
                    -3.725290298461914e-09,
                    0.7210949659347534,
                    0.6928361654281616,
                    2.792912006378174
                ],
                [
                    0.0,
                    0.0,
                    0.0,
                    1.0
                ]
            ],
            "transform_matrix_sun": [
                [
                    -1.0,
                    0.0,
                    0.0,
                    0.0
                ],
                [
                    0.0,
                    -0.4472135603427887,
                    0.8944271802902222,
                    2.0
                ],
                [
                    0.0,
                    0.8944271206855774,
                    0.4472135901451111,
                    1.0
                ],
                [
                    0.0,
                    0.0,
                    0.0,
                    1.0
                ]
            ]
        },
        {
            "file_path": "train_SUN/image/r_010",
            "rotation": 0.06283185307179587,
            "transform_matrix": [
                [
                    0.11330045759677887,
                    0.4869314134120941,
                    -0.8660604953765869,
                    -3.491201639175415
                ],
                [
                    -0.993560791015625,
                    0.05552710220217705,
                    -0.09876099228858948,
                    -0.3981182873249054
                ],
                [
                    0.0,
                    0.8716734051704407,
                    0.4900871515274048,
                    1.97560453414917
                ],
                [
                    0.0,
                    0.0,
                    0.0,
                    1.0
                ]
            ],
            "transform_matrix_sun": [
                [
                    -1.0,
                    0.0,
                    0.0,
                    0.0
                ],
                [
                    0.0,
                    -0.4472135603427887,
                    0.8944271802902222,
                    2.0
                ],
                [
                    0.0,
                    0.8944271206855774,
                    0.4472135901451111,
                    1.0
                ],
                [
                    0.0,
                    0.0,
                    0.0,
                    1.0
                ]
            ]
        },
        {
            "file_path": "train_SUN/image/r_014",
            "rotation": 0.06283185307179587,
            "transform_matrix": [
                [
                    -0.9995958805084229,
                    0.013862911611795425,
                    -0.02481893263757229,
                    -0.10004831850528717
                ],
                [
                    -0.028428152203559875,
                    -0.4874502420425415,
                    0.8726878762245178,
                    3.5179173946380615
                ],
                [
                    0.0,
                    0.8730407953262329,
                    0.48764726519584656,
                    1.9657690525054932
                ],
                [
                    0.0,
                    0.0,
                    0.0,
                    1.0
                ]
            ],
            "transform_matrix_sun": [
                [
                    -1.0,
                    0.0,
                    0.0,
                    0.0
                ],
                [
                    0.0,
                    -0.4472135603427887,
                    0.8944271802902222,
                    2.0
                ],
                [
                    0.0,
                    0.8944271206855774,
                    0.4472135901451111,
                    1.0
                ],
                [
                    0.0,
                    0.0,
                    0.0,
                    1.0
                ]
            ]
        },
        {
            "file_path": "train_SUN/image/r_018",
            "rotation": 0.06283185307179587,
            "transform_matrix": [
                [
                    0.8826463222503662,
                    0.14379826188087463,
                    -0.4475014805793762,
                    -1.8039360046386719
                ],
                [
                    -0.4700377285480499,
                    0.2700272798538208,
                    -0.840327262878418,
                    -3.3874671459198
                ],
                [
                    7.4505797087454084e-09,
                    0.9520543217658997,
                    0.30592918395996094,
                    1.2332398891448975
                ],
                [
                    0.0,
                    0.0,
                    0.0,
                    1.0
                ]
            ],
            "transform_matrix_sun": [
                [
                    -1.0,
                    0.0,
                    0.0,
                    0.0
                ],
                [
                    0.0,
                    -0.4472135603427887,
                    0.8944271802902222,
                    2.0
                ],
                [
                    0.0,
                    0.8944271206855774,
                    0.4472135901451111,
                    1.0
                ],
                [
                    0.0,
                    0.0,
                    0.0,
                    1.0
                ]
            ]
        },
        {
            "file_path": "train_SUN/image/r_021",
            "rotation": 0.06283185307179587,
            "transform_matrix": [
                [
                    -0.7667226195335388,
                    0.5695016384124756,
                    -0.2963181734085083,
                    -1.194496750831604
                ],
                [
                    -0.6419786810874939,
                    -0.6801623702049255,
                    0.35389620065689087,
                    1.4266011714935303
                ],
                [
                    -1.4901162970204496e-08,
                    0.4615700840950012,
                    0.8871037364006042,
                    3.5760295391082764
                ],
                [
                    0.0,
                    0.0,
                    0.0,
                    1.0
                ]
            ],
            "transform_matrix_sun": [
                [
                    -1.0,
                    0.0,
                    0.0,
                    0.0
                ],
                [
                    0.0,
                    -0.4472135603427887,
                    0.8944271802902222,
                    2.0
                ],
                [
                    0.0,
                    0.8944271206855774,
                    0.4472135901451111,
                    1.0
                ],
                [
                    0.0,
                    0.0,
                    0.0,
                    1.0
                ]
            ]
        },
        {
            "file_path": "train_SUN/image/r_025",
            "rotation": 0.06283185307179587,
            "transform_matrix": [
                [
                    -0.43149808049201965,
                    -0.81328284740448,
                    0.3903592526912689,
                    1.573588490486145
                ],
                [
                    0.9021139740943909,
                    -0.38900846242904663,
                    0.18671616911888123,
                    0.7526769638061523
                ],
                [
                    0.0,
                    0.43271613121032715,
                    0.9015302062034607,
                    3.6341845989227295
                ],
                [
                    0.0,
                    0.0,
                    0.0,
                    1.0
                ]
            ],
            "transform_matrix_sun": [
                [
                    -1.0,
                    0.0,
                    0.0,
                    0.0
                ],
                [
                    0.0,
                    -0.4472135603427887,
                    0.8944271802902222,
                    2.0
                ],
                [
                    0.0,
                    0.8944271206855774,
                    0.4472135901451111,
                    1.0
                ],
                [
                    0.0,
                    0.0,
                    0.0,
                    1.0
                ]
            ]
        },
        {
            "file_path": "train_SUN/image/r_028",
            "rotation": 0.06283185307179587,
            "transform_matrix": [
                [
                    0.9139706492424011,
                    -0.12078035622835159,
                    0.3873884081840515,
                    1.561612606048584
                ],
                [
                    0.4057803153991699,
                    0.27204298973083496,
                    -0.872545063495636,
                    -3.5173416137695312
                ],
                [
                    0.0,
                    0.9546751976013184,
                    0.2976495921611786,
                    1.1998639106750488
                ],
                [
                    0.0,
                    0.0,
                    0.0,
                    1.0
                ]
            ],
            "transform_matrix_sun": [
                [
                    -1.0,
                    0.0,
                    0.0,
                    0.0
                ],
                [
                    0.0,
                    -0.4472135603427887,
                    0.8944271802902222,
                    2.0
                ],
                [
                    0.0,
                    0.8944271206855774,
                    0.4472135901451111,
                    1.0
                ],
                [
                    0.0,
                    0.0,
                    0.0,
                    1.0
                ]
            ]
        },
        {
            "file_path": "train_SUN/image/r_032",
            "rotation": 0.06283185307179587,
            "transform_matrix": [
                [
                    0.9380664229393005,
                    -0.16992920637130737,
                    0.3019195795059204,
                    1.2170767784118652
                ],
                [
                    0.3464554250240326,
                    0.4601021111011505,
                    -0.8174806833267212,
                    -3.295370101928711
                ],
                [
                    0.0,
                    0.8714528679847717,
                    0.4904792308807373,
                    1.9771850109100342
                ],
                [
                    0.0,
                    0.0,
                    0.0,
                    1.0
                ]
            ],
            "transform_matrix_sun": [
                [
                    -1.0,
                    0.0,
                    0.0,
                    0.0
                ],
                [
                    0.0,
                    -0.4472135603427887,
                    0.8944271802902222,
                    2.0
                ],
                [
                    0.0,
                    0.8944271206855774,
                    0.4472135901451111,
                    1.0
                ],
                [
                    0.0,
                    0.0,
                    0.0,
                    1.0
                ]
            ]
        },
        {
            "file_path": "train_SUN/image/r_036",
            "rotation": 0.06283185307179587,
            "transform_matrix": [
                [
                    -0.6542906761169434,
                    0.5074180364608765,
                    -0.5607410669326782,
                    -2.2604196071624756
                ],
                [
                    -0.7562432289123535,
                    -0.4390107989311218,
                    0.48514506220817566,
                    1.9556822776794434
                ],
                [
                    -1.4901162970204496e-08,
                    0.7414824366569519,
                    0.6709721684455872,
                    2.704775333404541
                ],
                [
                    0.0,
                    0.0,
                    0.0,
                    1.0
                ]
            ],
            "transform_matrix_sun": [
                [
                    -1.0,
                    0.0,
                    0.0,
                    0.0
                ],
                [
                    0.0,
                    -0.4472135603427887,
                    0.8944271802902222,
                    2.0
                ],
                [
                    0.0,
                    0.8944271206855774,
                    0.4472135901451111,
                    1.0
                ],
                [
                    0.0,
                    0.0,
                    0.0,
                    1.0
                ]
            ]
        },
        {
            "file_path": "train_SUN/image/r_039",
            "rotation": 0.06283185307179587,
            "transform_matrix": [
                [
                    0.8970987200737,
                    -0.2908985912799835,
                    0.3325537443161011,
                    1.3405669927597046
                ],
                [
                    0.4418303072452545,
                    0.5906447172164917,
                    -0.6752219796180725,
                    -2.721906900405884
                ],
                [
                    0.0,
                    0.7526730298995972,
                    0.658394455909729,
                    2.6540729999542236
                ],
                [
                    0.0,
                    0.0,
                    0.0,
                    1.0
                ]
            ],
            "transform_matrix_sun": [
                [
                    -1.0,
                    0.0,
                    0.0,
                    0.0
                ],
                [
                    0.0,
                    -0.4472135603427887,
                    0.8944271802902222,
                    2.0
                ],
                [
                    0.0,
                    0.8944271206855774,
                    0.4472135901451111,
                    1.0
                ],
                [
                    0.0,
                    0.0,
                    0.0,
                    1.0
                ]
            ]
        },
        {
            "file_path": "train_SUN/image/r_043",
            "rotation": 0.06283185307179587,
            "transform_matrix": [
                [
                    -0.4618263840675354,
                    0.6265435218811035,
                    -0.6278212666511536,
                    -2.5308284759521484
                ],
                [
                    -0.8869704008102417,
                    -0.32622769474983215,
                    0.32689300179481506,
                    1.3177478313446045
                ],
                [
                    0.0,
                    0.7078266739845276,
                    0.706386148929596,
                    2.847533702850342
                ],
                [
                    0.0,
                    0.0,
                    0.0,
                    1.0
                ]
            ],
            "transform_matrix_sun": [
                [
                    -1.0,
                    0.0,
                    0.0,
                    0.0
                ],
                [
                    0.0,
                    -0.4472135603427887,
                    0.8944271802902222,
                    2.0
                ],
                [
                    0.0,
                    0.8944271206855774,
                    0.4472135901451111,
                    1.0
                ],
                [
                    0.0,
                    0.0,
                    0.0,
                    1.0
                ]
            ]
        },
        {
            "file_path": "train_SUN/image/r_046",
            "rotation": 0.06283185307179587,
            "transform_matrix": [
                [
                    -0.5372023582458496,
                    0.29191234707832336,
                    -0.791328489780426,
                    -3.1899471282958984
                ],
                [
                    -0.8434534072875977,
                    -0.18592137098312378,
                    0.5040035843849182,
                    2.031703472137451
                ],
                [
                    0.0,
                    0.9382005929946899,
                    0.3460918962955475,
                    1.3951410055160522
                ],
                [
                    0.0,
                    0.0,
                    0.0,
                    1.0
                ]
            ],
            "transform_matrix_sun": [
                [
                    -1.0,
                    0.0,
                    0.0,
                    0.0
                ],
                [
                    0.0,
                    -0.4472135603427887,
                    0.8944271802902222,
                    2.0
                ],
                [
                    0.0,
                    0.8944271206855774,
                    0.4472135901451111,
                    1.0
                ],
                [
                    0.0,
                    0.0,
                    0.0,
                    1.0
                ]
            ]
        },
        {
            "file_path": "train_SUN/image/r_050",
            "rotation": 0.06283185307179587,
            "transform_matrix": [
                [
                    0.22112937271595,
                    -0.7801780104637146,
                    0.5851700901985168,
                    2.358896017074585
                ],
                [
                    0.9752445220947266,
                    0.1768995225429535,
                    -0.1326829344034195,
                    -0.5348620414733887
                ],
                [
                    0.0,
                    0.6000239849090576,
                    0.7999820113182068,
                    3.2248306274414062
                ],
                [
                    0.0,
                    0.0,
                    0.0,
                    1.0
                ]
            ],
            "transform_matrix_sun": [
                [
                    -1.0,
                    0.0,
                    0.0,
                    0.0
                ],
                [
                    0.0,
                    -0.4472135603427887,
                    0.8944271802902222,
                    2.0
                ],
                [
                    0.0,
                    0.8944271206855774,
                    0.4472135901451111,
                    1.0
                ],
                [
                    0.0,
                    0.0,
                    0.0,
                    1.0
                ]
            ]
        },
        {
            "file_path": "train_SUN/image/r_054",
            "rotation": 0.06283185307179587,
            "transform_matrix": [
                [
                    0.23195543885231018,
                    -0.2832591235637665,
                    0.9305703043937683,
                    3.751248359680176
                ],
                [
                    0.9727264642715454,
                    0.06754569709300995,
                    -0.22190290689468384,
                    -0.8945191502571106
                ],
                [
                    7.450580596923828e-09,
                    0.9566618204116821,
                    0.29120123386383057,
                    1.1738696098327637
                ],
                [
                    0.0,
                    0.0,
                    0.0,
                    1.0
                ]
            ],
            "transform_matrix_sun": [
                [
                    -1.0,
                    0.0,
                    0.0,
                    0.0
                ],
                [
                    0.0,
                    -0.4472135603427887,
                    0.8944271802902222,
                    2.0
                ],
                [
                    0.0,
                    0.8944271206855774,
                    0.4472135901451111,
                    1.0
                ],
                [
                    0.0,
                    0.0,
                    0.0,
                    1.0
                ]
            ]
        },
        {
            "file_path": "train_SUN/image/r_057",
            "rotation": 0.06283185307179587,
            "transform_matrix": [
                [
                    0.5774334073066711,
                    -0.3384195864200592,
                    0.7429958581924438,
                    2.995112180709839
                ],
                [
                    0.8164379000663757,
                    0.23935046792030334,
                    -0.5254908800125122,
                    -2.118321418762207
                ],
                [
                    0.0,
                    0.9100459218025208,
                    0.4145074486732483,
                    1.6709330081939697
                ],
                [
                    0.0,
                    0.0,
                    0.0,
                    1.0
                ]
            ],
            "transform_matrix_sun": [
                [
                    -1.0,
                    0.0,
                    0.0,
                    0.0
                ],
                [
                    0.0,
                    -0.4472135603427887,
                    0.8944271802902222,
                    2.0
                ],
                [
                    0.0,
                    0.8944271206855774,
                    0.4472135901451111,
                    1.0
                ],
                [
                    0.0,
                    0.0,
                    0.0,
                    1.0
                ]
            ]
        },
        {
            "file_path": "train_SUN/image/r_061",
            "rotation": 0.06283185307179587,
            "transform_matrix": [
                [
                    -0.7711595892906189,
                    -0.20858895778656006,
                    0.6015010476112366,
                    2.4247283935546875
                ],
                [
                    0.6366419196128845,
                    -0.2526622414588928,
                    0.7285937666893005,
                    2.9370553493499756
                ],
                [
                    -1.4901161193847656e-08,
                    0.9448028802871704,
                    0.3276393711566925,
                    1.3207565546035767
                ],
                [
                    0.0,
                    0.0,
                    0.0,
                    1.0
                ]
            ],
            "transform_matrix_sun": [
                [
                    -1.0,
                    0.0,
                    0.0,
                    0.0
                ],
                [
                    0.0,
                    -0.4472135603427887,
                    0.8944271802902222,
                    2.0
                ],
                [
                    0.0,
                    0.8944271206855774,
                    0.4472135901451111,
                    1.0
                ],
                [
                    0.0,
                    0.0,
                    0.0,
                    1.0
                ]
            ]
        },
        {
            "file_path": "train_SUN/image/r_064",
            "rotation": 0.06283185307179587,
            "transform_matrix": [
                [
                    0.8207870721817017,
                    0.25490602850914,
                    -0.5112060904502869,
                    -2.0607376098632812
                ],
                [
                    -0.571234405040741,
                    0.3662656545639038,
                    -0.7345343828201294,
                    -2.961002826690674
                ],
                [
                    -1.4901162970204496e-08,
                    0.8949146866798401,
                    0.446237176656723,
                    1.7988395690917969
                ],
                [
                    0.0,
                    0.0,
                    0.0,
                    1.0
                ]
            ],
            "transform_matrix_sun": [
                [
                    -1.0,
                    0.0,
                    0.0,
                    0.0
                ],
                [
                    0.0,
                    -0.4472135603427887,
                    0.8944271802902222,
                    2.0
                ],
                [
                    0.0,
                    0.8944271206855774,
                    0.4472135901451111,
                    1.0
                ],
                [
                    0.0,
                    0.0,
                    0.0,
                    1.0
                ]
            ]
        },
        {
            "file_path": "train_SUN/image/r_068",
            "rotation": 0.06283185307179587,
            "transform_matrix": [
                [
                    0.115934818983078,
                    -0.9891266226768494,
                    0.090485118329525,
                    0.3647572100162506
                ],
                [
                    0.9932568073272705,
                    0.11545274406671524,
                    -0.010561595670878887,
                    -0.042575158178806305
                ],
                [
                    0.0,
                    0.09109950065612793,
                    0.9958417415618896,
                    4.014366626739502
                ],
                [
                    0.0,
                    0.0,
                    0.0,
                    1.0
                ]
            ],
            "transform_matrix_sun": [
                [
                    -1.0,
                    0.0,
                    0.0,
                    0.0
                ],
                [
                    0.0,
                    -0.4472135603427887,
                    0.8944271802902222,
                    2.0
                ],
                [
                    0.0,
                    0.8944271206855774,
                    0.4472135901451111,
                    1.0
                ],
                [
                    0.0,
                    0.0,
                    0.0,
                    1.0
                ]
            ]
        },
        {
            "file_path": "train_SUN/image/r_072",
            "rotation": 0.06283185307179587,
            "transform_matrix": [
                [
                    -0.08481600880622864,
                    -0.9010128378868103,
                    0.4254199266433716,
                    1.714922547340393
                ],
                [
                    0.9963966608047485,
                    -0.07669667154550552,
                    0.03621290624141693,
                    0.1459788978099823
                ],
                [
                    0.0,
                    0.42695853114128113,
                    0.9042713046073914,
                    3.6452341079711914
                ],
                [
                    0.0,
                    0.0,
                    0.0,
                    1.0
                ]
            ],
            "transform_matrix_sun": [
                [
                    -1.0,
                    0.0,
                    0.0,
                    0.0
                ],
                [
                    0.0,
                    -0.4472135603427887,
                    0.8944271802902222,
                    2.0
                ],
                [
                    0.0,
                    0.8944271206855774,
                    0.4472135901451111,
                    1.0
                ],
                [
                    0.0,
                    0.0,
                    0.0,
                    1.0
                ]
            ]
        },
        {
            "file_path": "train_SUN/image/r_075",
            "rotation": 0.06283185307179587,
            "transform_matrix": [
                [
                    -0.047698527574539185,
                    -0.9402881264686584,
                    0.33702099323272705,
                    1.3585751056671143
                ],
                [
                    0.9988618493080139,
                    -0.04490146413445473,
                    0.016093723475933075,
                    0.06487587094306946
                ],
                [
                    -9.313225746154785e-10,
                    0.33740493655204773,
                    0.9413595795631409,
                    3.7947418689727783
                ],
                [
                    0.0,
                    0.0,
                    0.0,
                    1.0
                ]
            ],
            "transform_matrix_sun": [
                [
                    -1.0,
                    0.0,
                    0.0,
                    0.0
                ],
                [
                    0.0,
                    -0.4472135603427887,
                    0.8944271802902222,
                    2.0
                ],
                [
                    0.0,
                    0.8944271206855774,
                    0.4472135901451111,
                    1.0
                ],
                [
                    0.0,
                    0.0,
                    0.0,
                    1.0
                ]
            ]
        },
        {
            "file_path": "train_SUN/image/r_079",
            "rotation": 0.06283185307179587,
            "transform_matrix": [
                [
                    0.8318935632705688,
                    -0.2724058926105499,
                    0.4834750294685364,
                    1.948950171470642
                ],
                [
                    0.5549351572990417,
                    0.4083588719367981,
                    -0.724768877029419,
                    -2.9216368198394775
                ],
                [
                    1.4901160305669237e-08,
                    0.8712278604507446,
                    0.49087876081466675,
                    1.9787955284118652
                ],
                [
                    0.0,
                    0.0,
                    0.0,
                    1.0
                ]
            ],
            "transform_matrix_sun": [
                [
                    -1.0,
                    0.0,
                    0.0,
                    0.0
                ],
                [
                    0.0,
                    -0.4472135603427887,
                    0.8944271802902222,
                    2.0
                ],
                [
                    0.0,
                    0.8944271206855774,
                    0.4472135901451111,
                    1.0
                ],
                [
                    0.0,
                    0.0,
                    0.0,
                    1.0
                ]
            ]
        },
        {
            "file_path": "train_SUN/image/r_082",
            "rotation": 0.06283185307179587,
            "transform_matrix": [
                [
                    0.8891774415969849,
                    0.1213049665093422,
                    -0.44119006395339966,
                    -1.7784937620162964
                ],
                [
                    -0.4575626254081726,
                    0.23573088645935059,
                    -0.8573607802391052,
                    -3.4561314582824707
                ],
                [
                    7.450580596923828e-09,
                    0.9642177224159241,
                    0.2651112377643585,
                    1.068697452545166
                ],
                [
                    0.0,
                    0.0,
                    0.0,
                    1.0
                ]
            ],
            "transform_matrix_sun": [
                [
                    -1.0,
                    0.0,
                    0.0,
                    0.0
                ],
                [
                    0.0,
                    -0.4472135603427887,
                    0.8944271802902222,
                    2.0
                ],
                [
                    0.0,
                    0.8944271206855774,
                    0.4472135901451111,
                    1.0
                ],
                [
                    0.0,
                    0.0,
                    0.0,
                    1.0
                ]
            ]
        },
        {
            "file_path": "train_SUN/image/r_086",
            "rotation": 0.06283185307179587,
            "transform_matrix": [
                [
                    -0.12686313688755035,
                    0.42364194989204407,
                    -0.8969020247459412,
                    -3.615527629852295
                ],
                [
                    -0.9919202327728271,
                    -0.054182328283786774,
                    0.11471063643693924,
                    0.46241337060928345
                ],
                [
                    -3.725290298461914e-09,
                    0.904207706451416,
                    0.42709285020828247,
                    1.7216663360595703
                ],
                [
                    0.0,
                    0.0,
                    0.0,
                    1.0
                ]
            ],
            "transform_matrix_sun": [
                [
                    -1.0,
                    0.0,
                    0.0,
                    0.0
                ],
                [
                    0.0,
                    -0.4472135603427887,
                    0.8944271802902222,
                    2.0
                ],
                [
                    0.0,
                    0.8944271206855774,
                    0.4472135901451111,
                    1.0
                ],
                [
                    0.0,
                    0.0,
                    0.0,
                    1.0
                ]
            ]
        },
        {
            "file_path": "train_SUN/image/r_090",
            "rotation": 0.06283185307179587,
            "transform_matrix": [
                [
                    -0.7367134094238281,
                    -0.6756611466407776,
                    0.027115896344184875,
                    0.1093076765537262
                ],
                [
                    0.6762050986289978,
                    -0.7361208200454712,
                    0.029542287811636925,
                    0.11908876895904541
                ],
                [
                    0.0,
                    0.04009999334812164,
                    0.9991956353187561,
                    4.027886390686035
                ],
                [
                    0.0,
                    0.0,
                    0.0,
                    1.0
                ]
            ],
            "transform_matrix_sun": [
                [
                    -1.0,
                    0.0,
                    0.0,
                    0.0
                ],
                [
                    0.0,
                    -0.4472135603427887,
                    0.8944271802902222,
                    2.0
                ],
                [
                    0.0,
                    0.8944271206855774,
                    0.4472135901451111,
