{
    "camera_angle_x": 0.6194058656692505,
    "frames": [
        {
            "file_path": "train/r_000",
            "rotation": 0.06283185307179587,
            "transform_matrix": [
                [
                    0.7166401743888855,
                    -0.35077014565467834,
                    0.6028162240982056,
                    2.4300296306610107
                ],
                [
                    0.6974432468414307,
                    0.3604249656200409,
                    -0.6194084882736206,
                    -2.496915340423584
                ],
                [
                    -1.4901164746561335e-08,
                    0.8643229007720947,
                    0.5029372572898865,
                    2.02740478515625
                ],
                [
                    0.0,
                    0.0,
                    0.0,
                    1.0
                ]
            ],
            "transform_matrix_sun": [
                [
                    -1.0,
                    0.0,
                    0.0,
                    0.0
                ],
                [
                    0.0,
                    -0.4472135603427887,
                    0.8944271802902222,
                    2.0
                ],
                [
                    0.0,
                    0.8944271206855774,
                    0.4472135901451111,
                    1.0
                ],
                [
                    0.0,
                    0.0,
                    0.0,
                    1.0
                ]
            ]
        },
        {
            "file_path": "train/r_003",
            "rotation": 0.06283185307179587,
            "transform_matrix": [
                [
                    0.8776673078536987,
                    -0.2675763964653015,
                    0.3976219892501831,
                    1.602865219116211
                ],
                [
                    0.47927066683769226,
                    0.4900009036064148,
                    -0.7281476259231567,
                    -2.9352567195892334
                ],
                [
                    0.0,
                    0.829639732837677,
                    0.55829918384552,
                    2.2505757808685303
                ],
                [
                    0.0,
                    0.0,
                    0.0,
                    1.0
                ]
            ],
            "transform_matrix_sun": [
                [
                    -1.0,
                    0.0,
                    0.0,
                    0.0
                ],
                [
                    0.0,
                    -0.4472135603427887,
                    0.8944271802902222,
                    2.0
                ],
                [
                    0.0,
                    0.8944271206855774,
                    0.4472135901451111,
                    1.0
                ],
                [
                    0.0,
                    0.0,
                    0.0,
                    1.0
                ]
            ]
        },
        {
            "file_path": "train/r_007",
            "rotation": 0.06283185307179587,
            "transform_matrix": [
                [
                    -0.39189067482948303,
                    -0.23917239904403687,
                    0.8883798122406006,
                    3.5811727046966553
                ],
                [
                    0.9200119376182556,
                    -0.10187849402427673,
                    0.3784165382385254,
                    1.5254454612731934
                ],
                [
                    0.0,
                    0.9656176567077637,
                    0.2599666714668274,
                    1.0479589700698853
                ],
                [
                    0.0,
                    0.0,
                    0.0,
                    1.0
                ]
            ],
            "transform_matrix_sun": [
                [
                    -1.0,
                    0.0,
                    0.0,
                    0.0
                ],
                [
                    0.0,
                    -0.4472135603427887,
                    0.8944271802902222,
                    2.0
                ],
                [
                    0.0,
                    0.8944271206855774,
                    0.4472135901451111,
                    1.0
                ],
                [
                    0.0,
                    0.0,
                    0.0,
                    1.0
                ]
            ]
        },
        {
            "file_path": "train/r_010",
            "rotation": 0.06283185307179587,
            "transform_matrix": [
                [
                    0.8564972877502441,
                    0.5146758556365967,
                    -0.039006102830171585,
                    -0.15723860263824463
                ],
                [
                    -0.5161518454551697,
                    0.8540480136871338,
                    -0.0647263452410698,
                    -0.2609201967716217
                ],
                [
                    -3.725290742551124e-09,
                    0.07557158917188644,
                    0.9971405863761902,
                    4.019601345062256
                ],
                [
                    0.0,
                    0.0,
                    0.0,
                    1.0
                ]
            ],
            "transform_matrix_sun": [
                [
                    -1.0,
                    0.0,
                    0.0,
                    0.0
                ],
                [
                    0.0,
                    -0.4472135603427887,
                    0.8944271802902222,
                    2.0
                ],
                [
                    0.0,
                    0.8944271206855774,
                    0.4472135901451111,
                    1.0
                ],
                [
                    0.0,
                    0.0,
                    0.0,
                    1.0
                ]
            ]
        },
        {
            "file_path": "train/r_014",
            "rotation": 0.06283185307179587,
            "transform_matrix": [
                [
                    -0.34427785873413086,
                    0.32169216871261597,
                    -0.8820357918739319,
                    -3.5555994510650635
                ],
                [
                    -0.9388679265975952,
                    -0.1179628074169159,
                    0.32343780994415283,
                    1.3038194179534912
                ],
                [
                    0.0,
                    0.9394676089286804,
                    0.34263837337493896,
                    1.3812193870544434
                ],
                [
                    0.0,
                    0.0,
                    0.0,
                    1.0
                ]
            ],
            "transform_matrix_sun": [
                [
                    -1.0,
                    0.0,
                    0.0,
                    0.0
                ],
                [
                    0.0,
                    -0.4472135603427887,
                    0.8944271802902222,
                    2.0
                ],
                [
                    0.0,
                    0.8944271206855774,
                    0.4472135901451111,
                    1.0
                ],
                [
                    0.0,
                    0.0,
                    0.0,
                    1.0
                ]
            ]
        },
        {
            "file_path": "train/r_018",
            "rotation": 0.06283185307179587,
            "transform_matrix": [
                [
                    0.10496842861175537,
                    -0.42197155952453613,
                    0.9005119800567627,
                    3.630079507827759
                ],
                [
                    0.9944756627082825,
                    0.044539742171764374,
                    -0.09505041688680649,
                    -0.38316041231155396
                ],
                [
                    0.0,
                    0.9055143594741821,
                    0.4243156611919403,
                    1.7104709148406982
                ],
                [
                    0.0,
                    0.0,
                    0.0,
                    1.0
                ]
            ],
            "transform_matrix_sun": [
                [
                    -1.0,
                    0.0,
                    0.0,
                    0.0
                ],
                [
                    0.0,
                    -0.4472135603427887,
                    0.8944271802902222,
                    2.0
                ],
                [
                    0.0,
                    0.8944271206855774,
                    0.4472135901451111,
                    1.0
                ],
                [
                    0.0,
                    0.0,
                    0.0,
                    1.0
                ]
            ]
        },
        {
            "file_path": "train/r_021",
            "rotation": 0.06283185307179587,
            "transform_matrix": [
                [
                    0.9594260454177856,
                    0.1829603761434555,
                    -0.21454015374183655,
                    -0.8648388981819153
                ],
                [
                    -0.28196096420288086,
                    0.6225576400756836,
                    -0.7300137877464294,
                    -2.942779541015625
                ],
                [
                    0.0,
                    0.7608861327171326,
                    0.6488856077194214,
                    2.61574125289917
                ],
                [
                    0.0,
                    0.0,
                    0.0,
                    1.0
                ]
            ],
            "transform_matrix_sun": [
                [
                    -1.0,
                    0.0,
                    0.0,
                    0.0
                ],
                [
                    0.0,
                    -0.4472135603427887,
                    0.8944271802902222,
                    2.0
                ],
                [
                    0.0,
                    0.8944271206855774,
                    0.4472135901451111,
                    1.0
                ],
                [
                    0.0,
                    0.0,
                    0.0,
                    1.0
                ]
            ]
        },
        {
            "file_path": "train/r_025",
            "rotation": 0.06283185307179587,
            "transform_matrix": [
                [
                    -0.9919981360435486,
                    0.05632588639855385,
                    -0.11299291998147964,
                    -0.45548897981643677
                ],
                [
                    -0.12625373899936676,
                    -0.4425625205039978,
                    0.8878055214881897,
                    3.5788581371307373
                ],
                [
                    0.0,
                    0.8949670195579529,
                    0.44613245129585266,
                    1.7984172105789185
                ],
                [
                    0.0,
                    0.0,
                    0.0,
                    1.0
                ]
            ],
            "transform_matrix_sun": [
                [
                    -1.0,
                    0.0,
                    0.0,
                    0.0
                ],
                [
                    0.0,
                    -0.4472135603427887,
                    0.8944271802902222,
                    2.0
                ],
                [
                    0.0,
                    0.8944271206855774,
                    0.4472135901451111,
                    1.0
                ],
                [
                    0.0,
                    0.0,
                    0.0,
                    1.0
                ]
            ]
        },
        {
            "file_path": "train/r_028",
            "rotation": 0.06283185307179587,
            "transform_matrix": [
                [
                    -0.44499558210372925,
                    -0.8901031017303467,
                    0.09846654534339905,
                    0.3969312310218811
                ],
                [
                    0.8955329656600952,
                    -0.44229745864868164,
                    0.048928603529930115,
                    0.19723746180534363
                ],
                [
                    0.0,
                    0.10995307564735413,
                    0.9939369559288025,
                    4.006687164306641
                ],
                [
                    0.0,
                    0.0,
                    0.0,
                    1.0
                ]
            ],
            "transform_matrix_sun": [
                [
                    -1.0,
                    0.0,
                    0.0,
                    0.0
                ],
                [
                    0.0,
                    -0.4472135603427887,
                    0.8944271802902222,
                    2.0
                ],
                [
                    0.0,
                    0.8944271206855774,
                    0.4472135901451111,
                    1.0
                ],
                [
                    0.0,
                    0.0,
                    0.0,
                    1.0
                ]
            ]
        },
        {
            "file_path": "train/r_032",
            "rotation": 0.06283185307179587,
            "transform_matrix": [
                [
                    -0.7403222322463989,
                    -0.43708375096321106,
                    0.510765016078949,
                    2.058959484100342
                ],
                [
                    0.6722522974014282,
                    -0.4813413619995117,
                    0.5624833703041077,
                    2.2674427032470703
                ],
                [
                    0.0,
                    0.7597818970680237,
                    0.6501781940460205,
                    2.6209518909454346
                ],
                [
                    0.0,
                    0.0,
                    0.0,
                    1.0
                ]
            ],
            "transform_matrix_sun": [
                [
                    -1.0,
                    0.0,
                    0.0,
                    0.0
                ],
                [
                    0.0,
                    -0.4472135603427887,
                    0.8944271802902222,
                    2.0
                ],
                [
                    0.0,
                    0.8944271206855774,
                    0.4472135901451111,
                    1.0
                ],
                [
                    0.0,
                    0.0,
                    0.0,
                    1.0
                ]
            ]
        },
        {
            "file_path": "train/r_036",
            "rotation": 0.06283185307179587,
            "transform_matrix": [
                [
                    0.8995196223258972,
                    0.2466353178024292,
                    -0.3606046140193939,
                    -1.453643560409546
                ],
                [
                    -0.4368806481361389,
                    0.5078122019767761,
                    -0.742470383644104,
                    -2.9929935932159424
                ],
                [
                    0.0,
                    0.8254078030586243,
                    0.5645371675491333,
                    2.275721788406372
                ],
                [
                    0.0,
                    0.0,
                    0.0,
                    1.0
                ]
            ],
            "transform_matrix_sun": [
                [
                    -1.0,
                    0.0,
                    0.0,
                    0.0
                ],
                [
                    0.0,
                    -0.4472135603427887,
                    0.8944271802902222,
                    2.0
                ],
                [
                    0.0,
                    0.8944271206855774,
                    0.4472135901451111,
                    1.0
                ],
                [
                    0.0,
                    0.0,
                    0.0,
                    1.0
                ]
            ]
        },
        {
            "file_path": "train/r_039",
            "rotation": 0.06283185307179587,
            "transform_matrix": [
                [
                    -0.8617584705352783,
                    -0.47234782576560974,
                    0.1850951462984085,
                    0.7461423277854919
                ],
                [
                    0.5073192119598389,
                    -0.8023542165756226,
                    0.31441211700439453,
                    1.2674356698989868
                ],
                [
                    -1.4901164746561335e-08,
                    0.36484968662261963,
                    0.9310665726661682,
                    3.753248929977417
                ],
                [
                    0.0,
                    0.0,
                    0.0,
                    1.0
                ]
            ],
            "transform_matrix_sun": [
                [
                    -1.0,
                    0.0,
                    0.0,
                    0.0
                ],
                [
                    0.0,
                    -0.4472135603427887,
                    0.8944271802902222,
                    2.0
                ],
                [
                    0.0,
                    0.8944271206855774,
                    0.4472135901451111,
                    1.0
                ],
                [
                    0.0,
                    0.0,
                    0.0,
                    1.0
                ]
            ]
        },
        {
            "file_path": "train/r_043",
            "rotation": 0.06283185307179587,
            "transform_matrix": [
                [
                    -0.3142969310283661,
                    0.7747981548309326,
                    -0.5485485792160034,
                    -2.2112698554992676
                ],
                [
                    -0.9493247270584106,
                    -0.2565156817436218,
                    0.18161027133464813,
                    0.7320943474769592
                ],
                [
                    -1.4901161193847656e-08,
                    0.5778303146362305,
                    0.8161571025848389,
                    3.290034055709839
                ],
                [
                    0.0,
                    0.0,
                    0.0,
                    1.0
                ]
            ],
            "transform_matrix_sun": [
                [
                    -1.0,
                    0.0,
                    0.0,
                    0.0
                ],
                [
                    0.0,
                    -0.4472135603427887,
                    0.8944271802902222,
                    2.0
                ],
                [
                    0.0,
                    0.8944271206855774,
                    0.4472135901451111,
                    1.0
                ],
                [
                    0.0,
                    0.0,
                    0.0,
                    1.0
                ]
            ]
        },
        {
            "file_path": "train/r_046",
            "rotation": 0.06283185307179587,
            "transform_matrix": [
                [
                    -0.9471606016159058,
                    -0.3184507489204407,
                    0.03841989487409592,
                    0.1548755168914795
                ],
                [
                    0.32075995206832886,
                    -0.9403418302536011,
                    0.11344873905181885,
                    0.45732638239860535
                ],
                [
                    -3.7252898543727042e-09,
                    0.11977789551019669,
                    0.9928009510040283,
                    4.002107620239258
                ],
                [
                    0.0,
                    0.0,
                    0.0,
                    1.0
                ]
            ],
            "transform_matrix_sun": [
                [
                    -1.0,
                    0.0,
                    0.0,
                    0.0
                ],
                [
                    0.0,
                    -0.4472135603427887,
                    0.8944271802902222,
                    2.0
                ],
                [
                    0.0,
                    0.8944271206855774,
                    0.4472135901451111,
                    1.0
                ],
                [
                    0.0,
                    0.0,
                    0.0,
                    1.0
                ]
            ]
        },
        {
            "file_path": "train/r_050",
            "rotation": 0.06283185307179587,
            "transform_matrix": [
                [
                    0.9966763854026794,
                    -0.035496197640895844,
                    0.07332515716552734,
                    0.29558315873146057
                ],
                [
                    0.08146509528160095,
                    0.4342746138572693,
                    -0.8970891833305359,
                    -3.6162822246551514
                ],
                [
                    3.725291186640334e-09,
                    0.9000810384750366,
                    0.4357227683067322,
                    1.7564547061920166
                ],
                [
                    0.0,
                    0.0,
                    0.0,
                    1.0
                ]
            ],
            "transform_matrix_sun": [
                [
                    -1.0,
                    0.0,
                    0.0,
                    0.0
                ],
                [
                    0.0,
                    -0.4472135603427887,
                    0.8944271802902222,
                    2.0
                ],
                [
                    0.0,
                    0.8944271206855774,
                    0.4472135901451111,
                    1.0
                ],
                [
                    0.0,
                    0.0,
                    0.0,
                    1.0
                ]
            ]
        },
        {
            "file_path": "train/r_054",
            "rotation": 0.06283185307179587,
            "transform_matrix": [
                [
                    -0.9500854015350342,
                    -0.2855679392814636,
                    0.12565414607524872,
                    0.5065280199050903
                ],
                [
                    0.3119903802871704,
                    -0.8696226477622986,
                    0.38264691829681396,
                    1.5424988269805908
                ],
                [
                    0.0,
                    0.4027499556541443,
                    0.9153100848197937,
                    3.689732551574707
                ],
                [
                    0.0,
                    0.0,
                    0.0,
                    1.0
                ]
            ],
            "transform_matrix_sun": [
                [
                    -1.0,
                    0.0,
                    0.0,
                    0.0
                ],
                [
                    0.0,
                    -0.4472135603427887,
                    0.8944271802902222,
                    2.0
                ],
                [
                    0.0,
                    0.8944271206855774,
                    0.4472135901451111,
                    1.0
                ],
                [
                    0.0,
                    0.0,
                    0.0,
                    1.0
                ]
            ]
        },
        {
            "file_path": "train/r_057",
            "rotation": 0.06283185307179587,
            "transform_matrix": [
                [
                    0.598399817943573,
                    0.17655503749847412,
                    -0.7815026044845581,
                    -3.1503372192382812
                ],
                [
                    -0.80119788646698,
                    0.13186568021774292,
                    -0.5836897492408752,
                    -2.352928400039673
                ],
                [
                    0.0,
                    0.9754179120063782,
                    0.22036388516426086,
                    0.8883151412010193
                ],
                [
                    0.0,
                    0.0,
                    0.0,
                    1.0
                ]
            ],
            "transform_matrix_sun": [
                [
                    -1.0,
                    0.0,
                    0.0,
                    0.0
                ],
                [
                    0.0,
                    -0.4472135603427887,
                    0.8944271802902222,
                    2.0
                ],
                [
                    0.0,
                    0.8944271206855774,
                    0.4472135901451111,
                    1.0
                ],
                [
                    0.0,
                    0.0,
                    0.0,
                    1.0
                ]
            ]
        },
        {
            "file_path": "train/r_061",
            "rotation": 0.06283185307179587,
            "transform_matrix": [
                [
                    -0.8533430695533752,
                    -0.47799021005630493,
                    0.20816154778003693,
                    0.83912593126297
                ],
                [
                    0.5213500261306763,
                    -0.7823719382286072,
                    0.34071773290634155,
                    1.3734769821166992
                ],
                [
                    0.0,
                    0.39927414059638977,
                    0.9168317317962646,
                    3.695866346359253
                ],
                [
                    0.0,
                    0.0,
                    0.0,
                    1.0
                ]
            ],
            "transform_matrix_sun": [
                [
                    -1.0,
                    0.0,
                    0.0,
                    0.0
                ],
                [
                    0.0,
                    -0.4472135603427887,
                    0.8944271802902222,
                    2.0
                ],
                [
                    0.0,
                    0.8944271206855774,
                    0.4472135901451111,
                    1.0
                ],
                [
                    0.0,
                    0.0,
                    0.0,
                    1.0
                ]
            ]
        },
        {
            "file_path": "train/r_064",
            "rotation": 0.06283185307179587,
            "transform_matrix": [
                [
                    0.3723176419734955,
                    -0.7837147116661072,
                    0.49716290831565857,
                    2.0041275024414062
                ],
                [
                    0.9281054735183716,
                    0.3143940567970276,
                    -0.19944128394126892,
                    -0.8039734363555908
                ],
                [
                    0.0,
                    0.5356748700141907,
                    0.844424307346344,
                    3.4039828777313232
                ],
                [
                    0.0,
                    0.0,
                    0.0,
                    1.0
                ]
            ],
            "transform_matrix_sun": [
                [
                    -1.0,
                    0.0,
                    0.0,
                    0.0
                ],
                [
                    0.0,
                    -0.4472135603427887,
                    0.8944271802902222,
                    2.0
                ],
                [
                    0.0,
                    0.8944271206855774,
                    0.4472135901451111,
                    1.0
                ],
                [
                    0.0,
                    0.0,
                    0.0,
                    1.0
                ]
            ]
        },
        {
            "file_path": "train/r_068",
            "rotation": 0.06283185307179587,
            "transform_matrix": [
                [
                    -0.9776536226272583,
                    0.09445764869451523,
                    -0.1878071427345276,
                    -0.7570747137069702
                ],
                [
                    -0.21022316813468933,
                    -0.4392801523208618,
                    0.8734067678451538,
                    3.520814895629883
                ],
                [
                    0.0,
                    0.8933705687522888,
                    0.449320912361145,
                    1.8112702369689941
                ],
                [
                    0.0,
                    0.0,
                    0.0,
                    1.0
                ]
            ],
            "transform_matrix_sun": [
                [
                    -1.0,
                    0.0,
                    0.0,
                    0.0
                ],
                [
                    0.0,
                    -0.4472135603427887,
                    0.8944271802902222,
                    2.0
                ],
                [
                    0.0,
                    0.8944271206855774,
                    0.4472135901451111,
                    1.0
                ],
                [
                    0.0,
                    0.0,
                    0.0,
                    1.0
                ]
            ]
        },
        {
            "file_path": "train/r_072",
            "rotation": 0.06283185307179587,
            "transform_matrix": [
                [
                    -0.631186306476593,
                    -0.6330128312110901,
                    0.4482172727584839,
                    1.806821346282959
                ],
                [
                    0.7756314277648926,
                    -0.5151274800300598,
                    0.36474618315696716,
                    1.4703388214111328
                ],
                [
                    1.4901162970204496e-08,
                    0.5778740048408508,
                    0.8161260485649109,
                    3.2899088859558105
                ],
                [
                    0.0,
                    0.0,
                    0.0,
                    1.0
                ]
            ],
            "transform_matrix_sun": [
                [
                    -1.0,
                    0.0,
                    0.0,
                    0.0
                ],
                [
                    0.0,
                    -0.4472135603427887,
                    0.8944271802902222,
                    2.0
                ],
                [
                    0.0,
                    0.8944271206855774,
                    0.4472135901451111,
                    1.0
                ],
                [
                    0.0,
                    0.0,
                    0.0,
                    1.0
                ]
            ]
        },
        {
            "file_path": "train/r_075",
            "rotation": 0.06283185307179587,
            "transform_matrix": [
                [
                    -0.8078396320343018,
                    -0.46000173687934875,
                    0.3685019314289093,
                    1.4854786396026611
                ],
                [
                    0.589402437210083,
                    -0.6304819583892822,
                    0.5050716400146484,
                    2.036008596420288
                ],
                [
                    0.0,
                    0.6252127885818481,
                    0.7804545760154724,
                    3.1461124420166016
                ],
                [
                    0.0,
                    0.0,
                    0.0,
                    1.0
                ]
            ],
            "transform_matrix_sun": [
                [
                    -1.0,
                    0.0,
                    0.0,
                    0.0
                ],
                [
                    0.0,
                    -0.4472135603427887,
                    0.8944271802902222,
                    2.0
                ],
                [
                    0.0,
                    0.8944271206855774,
                    0.4472135901451111,
                    1.0
                ],
                [
                    0.0,
                    0.0,
                    0.0,
                    1.0
                ]
            ]
        },
        {
            "file_path": "train/r_079",
            "rotation": 0.06283185307179587,
            "transform_matrix": [
                [
                    -0.7896838188171387,
                    -0.5022916197776794,
                    0.35228246450424194,
                    1.4200959205627441
                ],
                [
                    0.6135143637657166,
                    -0.6465235948562622,
                    0.4534396231174469,
                    1.8278733491897583
                ],
                [
                    0.0,
                    0.5742040872573853,
                    0.8187122344970703,
                    3.3003342151641846
                ],
                [
                    0.0,
                    0.0,
                    0.0,
                    1.0
                ]
            ],
            "transform_matrix_sun": [
                [
                    -1.0,
                    0.0,
                    0.0,
                    0.0
                ],
                [
                    0.0,
                    -0.4472135603427887,
                    0.8944271802902222,
                    2.0
                ],
                [
                    0.0,
                    0.8944271206855774,
                    0.4472135901451111,
                    1.0
                ],
                [
                    0.0,
                    0.0,
                    0.0,
                    1.0
                ]
            ]
        },
        {
            "file_path": "train/r_082",
            "rotation": 0.06283185307179587,
            "transform_matrix": [
                [
                    -0.9924473762512207,
                    0.0821927860379219,
                    -0.09106582403182983,
                    -0.3670980930328369
                ],
                [
                    -0.1226729154586792,
                    -0.6649553775787354,
                    0.7367399334907532,
                    2.96989369392395
                ],
                [
                    -3.725291186640334e-09,
                    0.7423468828201294,
                    0.670015811920166,
                    2.7009201049804688
                ],
                [
                    0.0,
                    0.0,
                    0.0,
                    1.0
                ]
            ],
            "transform_matrix_sun": [
                [
                    -1.0,
                    0.0,
                    0.0,
                    0.0
                ],
                [
                    0.0,
                    -0.4472135603427887,
                    0.8944271802902222,
                    2.0
                ],
                [
                    0.0,
                    0.8944271206855774,
                    0.4472135901451111,
                    1.0
                ],
                [
                    0.0,
                    0.0,
                    0.0,
                    1.0
                ]
            ]
        },
        {
            "file_path": "train/r_086",
            "rotation": 0.06283185307179587,
            "transform_matrix": [
                [
                    0.9549750089645386,
                    -0.1521022617816925,
                    0.25473132729530334,
                    1.0268546342849731
                ],
                [
                    0.29668694734573364,
                    0.4895862340927124,
                    -0.8199283480644226,
                    -3.3052361011505127
                ],
                [
                    7.450582373280668e-09,
                    0.8585862517356873,
                    0.5126693248748779,
                    2.0666356086730957
                ],
                [
                    0.0,
                    0.0,
                    0.0,
                    1.0
                ]
            ],
            "transform_matrix_sun": [
                [
                    -1.0,
                    0.0,
                    0.0,
                    0.0
                ],
                [
                    0.0,
                    -0.4472135603427887,
                    0.8944271802902222,
                    2.0
                ],
                [
                    0.0,
                    0.8944271206855774,
                    0.4472135901451111,
                    1.0
                ],
                [
                    0.0,
                    0.0,
                    0.0,
                    1.0
                ]
            ]
        },
        {
            "file_path": "train/r_090",
            "rotation": 0.06283185307179587,
            "transform_matrix": [
                [
                    -0.4466418921947479,
                    -0.36597609519958496,
                    0.8164390921592712,
                    3.291170835494995
                ],
                [
                    0.8947129845619202,
                    -0.18269573152065277,
                    0.40756744146347046,
                    1.6429566144943237
                ],
                [
                    -1.4901162970204496e-08,
                    0.9125151038169861,
                    0.4090431034564972,
                    1.6489052772521973
                ],
                [
                    0.0,
                    0.0,
                    0.0,
                    1.0
                ]
            ],
            "transform_matrix_sun": [
                [
                    -1.0,
                    0.0,
                    0.0,
                    0.0
                ],
                [
                    0.0,
                    -0.4472135603427887,
                    0.8944271802902222,
                    2.0
                ],
                [
                    0.0,
                    0.8944271206855774,
                    0.4472135901451111,
                    1.0
                ],
                [
                    0.0,
                    0.0,
                    0.0,
                    1.0
                ]
            ]
        },
        {
            "file_path": "train/r_093",
            "rotation": 0.06283185307179587,
