{
    "camera_angle_x": 0.6911112070083618,
    "frames": [
        {
            "file_path": "train/r_0",
            "rotation": 0.06283185307179587,
            "transform_matrix": [
                [
                    0.39233699440956116,
                    0.6734112501144409,
                    -0.6265692114830017,
                    -3.7724459171295166
                ],
                [
                    -0.9198215007781982,
                    0.28723418712615967,
                    -0.2672543525695801,
                    -1.609084129333496
                ],
                [
                    1.4901159417490817e-08,
                    0.6811856031417847,
                    0.7321107983589172,
                    4.407890319824219
                ],
                [
                    0.0,
                    0.0,
                    0.0,
                    1.0
                ]
            ],
            "transform_matrix_sun": [
                [
                    -0.5132027864456177,
                    -0.38446900248527527,
                    0.7673372626304626,
                    1.7158182859420776
                ],
                [
                    0.8582674264907837,
                    -0.22989404201507568,
                    0.45883092284202576,
                    1.0259771347045898
                ],
                [
                    0.0,
                    0.8940538763999939,
                    0.44795942306518555,
                    1.0016677379608154
                ],
                [
                    0.0,
                    0.0,
                    0.0,
                    1.0
                ]
            ]
        },
        {
            "file_path": "train/r_1",
            "rotation": 0.06283185307179587,
            "transform_matrix": [
                [
                    0.39233699440956116,
                    0.6734112501144409,
                    -0.6265692114830017,
                    -3.7724459171295166
                ],
                [
                    -0.9198215007781982,
                    0.28723418712615967,
                    -0.2672543525695801,
                    -1.609084129333496
                ],
                [
                    1.4901159417490817e-08,
                    0.6811856031417847,
                    0.7321107983589172,
                    4.407890319824219
                ],
                [
                    0.0,
                    0.0,
                    0.0,
                    1.0
                ]
            ],
            "transform_matrix_sun": [
                [
                    -0.6569515466690063,
                    -0.6325770616531372,
                    0.4101961851119995,
                    0.9172265529632568
                ],
                [
                    0.753932774066925,
                    -0.5512062907218933,
                    0.3574310839176178,
                    0.799240231513977
                ],
                [
                    1.4901161193847656e-08,
                    0.5440752506256104,
                    0.8390364050865173,
                    1.8761425018310547
                ],
                [
                    0.0,
                    0.0,
                    0.0,
                    1.0
                ]
            ]
        },
        {
            "file_path": "train/r_2",
            "rotation": 0.06283185307179587,
            "transform_matrix": [
                [
                    0.39233699440956116,
                    0.6734112501144409,
                    -0.6265692114830017,
                    -3.7724459171295166
                ],
                [
                    -0.9198215007781982,
                    0.28723418712615967,
                    -0.2672543525695801,
                    -1.609084129333496
                ],
                [
                    1.4901159417490817e-08,
                    0.6811856031417847,
                    0.7321107983589172,
                    4.407890319824219
                ],
                [
                    0.0,
                    0.0,
                    0.0,
                    1.0
                ]
            ],
            "transform_matrix_sun": [
                [
                    0.6719690561294556,
                    -0.35626354813575745,
                    0.6492564082145691,
                    1.4517815113067627
                ],
                [
                    0.7405793070793152,
                    0.32325783371925354,
                    -0.5891066789627075,
                    -1.3172825574874878
                ],
                [
                    1.4901162970204496e-08,
                    0.876687228679657,
                    0.4810606837272644,
                    1.0756844282150269
                ],
                [
                    0.0,
                    0.0,
                    0.0,
                    1.0
                ]
            ]
        },
        {
            "file_path": "train/r_3",
            "rotation": 0.06283185307179587,
            "transform_matrix": [
                [
                    0.39233699440956116,
                    0.6734112501144409,
                    -0.6265692114830017,
                    -3.7724459171295166
                ],
                [
                    -0.9198215007781982,
                    0.28723418712615967,
                    -0.2672543525695801,
                    -1.609084129333496
                ],
                [
                    1.4901159417490817e-08,
                    0.6811856031417847,
                    0.7321107983589172,
                    4.407890319824219
                ],
                [
                    0.0,
                    0.0,
                    0.0,
                    1.0
                ]
            ],
            "transform_matrix_sun": [
                [
                    0.8976032137870789,
                    -0.31809309124946594,
                    0.3051644265651703,
                    0.6823683977127075
                ],
                [
                    0.44080445170402527,
                    0.6477280259132385,
                    -0.6214015483856201,
                    -1.389496088027954
                ],
                [
                    0.0,
                    0.6922898292541504,
                    0.7216195464134216,
                    1.6135903596878052
                ],
                [
                    0.0,
                    0.0,
                    0.0,
                    1.0
                ]
            ]
        },
        {
            "file_path": "train/r_4",
            "rotation": 0.06283185307179587,
            "transform_matrix": [
                [
                    0.39233699440956116,
                    0.6734112501144409,
                    -0.6265692114830017,
                    -3.7724459171295166
                ],
                [
                    -0.9198215007781982,
                    0.28723418712615967,
                    -0.2672543525695801,
                    -1.609084129333496
                ],
                [
                    1.4901159417490817e-08,
                    0.6811856031417847,
                    0.7321107983589172,
                    4.407890319824219
                ],
                [
                    0.0,
                    0.0,
                    0.0,
                    1.0
                ]
            ],
            "transform_matrix_sun": [
                [
                    0.5067179203033447,
                    -0.45732560753822327,
                    0.7308148145675659,
                    1.634151577949524
                ],
                [
                    0.8621119260787964,
                    0.2687992751598358,
                    -0.4295462369918823,
                    -0.9604945778846741
                ],
                [
                    0.0,
                    0.8477029204368591,
                    0.5304712653160095,
                    1.1861698627471924
                ],
                [
                    0.0,
                    0.0,
                    0.0,
                    1.0
                ]
            ]
        },
        {
            "file_path": "train/r_5",
            "rotation": 0.06283185307179587,
            "transform_matrix": [
                [
                    0.39233699440956116,
                    0.6734112501144409,
                    -0.6265692114830017,
                    -3.7724459171295166
                ],
                [
                    -0.9198215007781982,
                    0.28723418712615967,
                    -0.2672543525695801,
                    -1.609084129333496
                ],
                [
                    1.4901159417490817e-08,
                    0.6811856031417847,
                    0.7321107983589172,
                    4.407890319824219
                ],
                [
                    0.0,
                    0.0,
                    0.0,
                    1.0
                ]
            ],
            "transform_matrix_sun": [
                [
                    -0.14327824115753174,
                    0.9650397896766663,
                    -0.21947580575942993,
                    -0.4907628297805786
                ],
                [
                    -0.9896824359893799,
                    -0.1397106647491455,
                    0.03177393227815628,
                    0.07104866951704025
                ],
                [
                    -1.862645149230957e-09,
                    0.22176380455493927,
                    0.9751003980636597,
                    2.1803908348083496
                ],
                [
                    0.0,
                    0.0,
                    0.0,
                    1.0
                ]
            ]
        },
        {
            "file_path": "train/r_6",
            "rotation": 0.06283185307179587,
            "transform_matrix": [
                [
                    0.39233699440956116,
                    0.6734112501144409,
                    -0.6265692114830017,
                    -3.7724459171295166
                ],
                [
                    -0.9198215007781982,
                    0.28723418712615967,
                    -0.2672543525695801,
                    -1.609084129333496
                ],
                [
                    1.4901159417490817e-08,
                    0.6811856031417847,
                    0.7321107983589172,
                    4.407890319824219
                ],
                [
                    0.0,
                    0.0,
                    0.0,
                    1.0
                ]
            ],
            "transform_matrix_sun": [
                [
                    0.9869222640991211,
                    -0.13719144463539124,
                    0.08463457226753235,
                    0.18924865126609802
                ],
                [
                    0.16119709610939026,
                    0.8399487137794495,
                    -0.5181715488433838,
                    -1.1586668491363525
                ],
                [
                    0.0,
                    0.5250378847122192,
                    0.8510788679122925,
                    1.9030702114105225
                ],
                [
                    0.0,
                    0.0,
                    0.0,
                    1.0
                ]
            ]
        },
        {
            "file_path": "train/r_7",
            "rotation": 0.06283185307179587,
            "transform_matrix": [
                [
                    0.39233699440956116,
                    0.6734112501144409,
                    -0.6265692114830017,
                    -3.7724459171295166
                ],
                [
                    -0.9198215007781982,
                    0.28723418712615967,
                    -0.2672543525695801,
                    -1.609084129333496
                ],
                [
                    1.4901159417490817e-08,
                    0.6811856031417847,
                    0.7321107983589172,
                    4.407890319824219
                ],
                [
                    0.0,
                    0.0,
                    0.0,
                    1.0
                ]
            ],
            "transform_matrix_sun": [
                [
                    0.698715329170227,
                    0.7073821425437927,
                    -0.10680516064167023,
                    -0.2388235628604889
                ],
                [
                    -0.7153998613357544,
                    0.6908845901489258,
                    -0.10431424528360367,
                    -0.23325371742248535
                ],
                [
                    0.0,
                    0.14929473400115967,
                    0.988792896270752,
                    2.211007833480835
                ],
                [
                    0.0,
                    0.0,
                    0.0,
                    1.0
                ]
            ]
        },
        {
            "file_path": "train/r_8",
            "rotation": 0.06283185307179587,
            "transform_matrix": [
                [
                    0.39233699440956116,
                    0.6734112501144409,
                    -0.6265692114830017,
                    -3.7724459171295166
                ],
                [
                    -0.9198215007781982,
                    0.28723418712615967,
                    -0.2672543525695801,
                    -1.609084129333496
                ],
                [
                    1.4901159417490817e-08,
                    0.6811856031417847,
                    0.7321107983589172,
                    4.407890319824219
                ],
                [
                    0.0,
                    0.0,
                    0.0,
                    1.0
                ]
            ],
            "transform_matrix_sun": [
                [
                    0.4889492690563202,
                    -0.5960947275161743,
                    0.636867105960846,
                    1.424078106880188
                ],
                [
                    0.8723122477531433,
                    0.33412355184555054,
                    -0.35697731375694275,
                    -0.7982255220413208
                ],
                [
                    0.0,
                    0.7300907373428345,
                    0.6833502054214478,
                    1.528017520904541
                ],
                [
                    0.0,
                    0.0,
                    0.0,
                    1.0
                ]
            ]
        },
        {
            "file_path": "train/r_9",
            "rotation": 0.06283185307179587,
            "transform_matrix": [
                [
                    0.39233699440956116,
                    0.6734112501144409,
                    -0.6265692114830017,
                    -3.7724459171295166
                ],
                [
                    -0.9198215007781982,
                    0.28723418712615967,
                    -0.2672543525695801,
                    -1.609084129333496
                ],
                [
                    1.4901159417490817e-08,
                    0.6811856031417847,
                    0.7321107983589172,
                    4.407890319824219
                ],
                [
                    0.0,
                    0.0,
                    0.0,
                    1.0
                ]
            ],
            "transform_matrix_sun": [
                [
                    0.6314355731010437,
                    0.7748664617538452,
                    -0.029511958360671997,
                    -0.06599074602127075
                ],
                [
                    -0.7754283547401428,
                    0.6309780478477478,
                    -0.024031750857830048,
                    -0.05373662710189819
                ],
                [
                    0.0,
                    0.038058165460824966,
                    0.9992755055427551,
                    2.234447956085205
                ],
                [
                    0.0,
                    0.0,
                    0.0,
                    1.0
                ]
            ]
        },
        {
            "file_path": "train/r_10",
            "rotation": 0.06283185307179587,
            "transform_matrix": [
                [
                    0.39233699440956116,
                    0.6734112501144409,
                    -0.6265692114830017,
                    -3.7724459171295166
                ],
                [
                    -0.9198215007781982,
                    0.28723418712615967,
                    -0.2672543525695801,
                    -1.609084129333496
                ],
                [
                    1.4901159417490817e-08,
                    0.6811856031417847,
                    0.7321107983589172,
                    4.407890319824219
                ],
                [
                    0.0,
                    0.0,
                    0.0,
                    1.0
                ]
            ],
            "transform_matrix_sun": [
                [
                    0.9585902690887451,
                    0.16022372245788574,
                    -0.23544245958328247,
                    -0.5264653563499451
                ],
                [
                    -0.2847890555858612,
                    0.5393075942993164,
                    -0.7924913167953491,
                    -1.772064447402954
                ],
                [
                    0.0,
                    0.8267257809638977,
                    0.5626049637794495,
                    1.2580230236053467
                ],
                [
                    0.0,
                    0.0,
                    0.0,
                    1.0
                ]
            ]
        },
        {
            "file_path": "train/r_11",
            "rotation": 0.06283185307179587,
            "transform_matrix": [
                [
                    0.39233699440956116,
                    0.6734112501144409,
                    -0.6265692114830017,
                    -3.7724459171295166
                ],
                [
                    -0.9198215007781982,
                    0.28723418712615967,
                    -0.2672543525695801,
                    -1.609084129333496
                ],
                [
                    1.4901159417490817e-08,
                    0.6811856031417847,
                    0.7321107983589172,
                    4.407890319824219
                ],
                [
                    0.0,
                    0.0,
                    0.0,
                    1.0
                ]
            ],
            "transform_matrix_sun": [
                [
                    0.5205042958259583,
                    0.8537338376045227,
                    -0.014624631963670254,
                    -0.03270167112350464
                ],
                [
                    -0.8538591265678406,
                    0.520427942276001,
                    -0.008915035054087639,
                    -0.019934624433517456
                ],
                [
                    0.0,
                    0.01712864264845848,
                    0.9998533129692078,
                    2.2357399463653564
                ],
                [
                    0.0,
                    0.0,
                    0.0,
                    1.0
                ]
            ]
        },
        {
            "file_path": "train/r_12",
            "rotation": 0.06283185307179587,
            "transform_matrix": [
                [
                    0.39233699440956116,
                    0.6734112501144409,
                    -0.6265692114830017,
                    -3.7724459171295166
                ],
                [
                    -0.9198215007781982,
                    0.28723418712615967,
                    -0.2672543525695801,
                    -1.609084129333496
                ],
                [
                    1.4901159417490817e-08,
                    0.6811856031417847,
                    0.7321107983589172,
                    4.407890319824219
                ],
                [
                    0.0,
                    0.0,
                    0.0,
                    1.0
                ]
            ],
            "transform_matrix_sun": [
                [
                    0.3507767617702484,
                    0.774368405342102,
                    -0.5266016721725464,
                    -1.1775169372558594
                ],
                [
                    -0.9364591240882874,
                    0.2900611460208893,
                    -0.1972532570362091,
                    -0.44107162952423096
                ],
                [
                    0.0,
                    0.5623326897621155,
                    0.8269111514091492,
                    1.849029302597046
                ],
                [
                    0.0,
                    0.0,
                    0.0,
                    1.0
                ]
            ]
        },
        {
            "file_path": "train/r_13",
            "rotation": 0.06283185307179587,
            "transform_matrix": [
                [
                    0.39233699440956116,
                    0.6734112501144409,
                    -0.6265692114830017,
                    -3.7724459171295166
                ],
                [
                    -0.9198215007781982,
                    0.28723418712615967,
                    -0.2672543525695801,
                    -1.609084129333496
                ],
                [
                    1.4901159417490817e-08,
                    0.6811856031417847,
                    0.7321107983589172,
                    4.407890319824219
                ],
                [
                    0.0,
                    0.0,
                    0.0,
                    1.0
                ]
            ],
            "transform_matrix_sun": [
                [
                    -0.9952500462532043,
                    0.09221884608268738,
                    -0.031194046139717102,
                    -0.06975200772285461
                ],
                [
                    -0.09735187888145447,
                    -0.9427739381790161,
                    0.31890371441841125,
                    0.7130903601646423
                ],
                [
                    -1.862645371275562e-09,
                    0.3204258382320404,
                    0.9472736716270447,
                    2.118168354034424
                ],
                [
                    0.0,
                    0.0,
                    0.0,
                    1.0
                ]
            ]
        },
        {
            "file_path": "train/r_14",
            "rotation": 0.06283185307179587,
            "transform_matrix": [
                [
                    0.39233699440956116,
                    0.6734112501144409,
                    -0.6265692114830017,
                    -3.7724459171295166
                ],
                [
                    -0.9198215007781982,
                    0.28723418712615967,
                    -0.2672543525695801,
                    -1.609084129333496
                ],
                [
                    1.4901159417490817e-08,
                    0.6811856031417847,
                    0.7321107983589172,
                    4.407890319824219
                ],
                [
                    0.0,
                    0.0,
                    0.0,
                    1.0
                ]
            ],
            "transform_matrix_sun": [
                [
                    -0.9230906367301941,
                    -0.35388776659965515,
                    0.1505565345287323,
                    0.3366546332836151
                ],
                [
                    0.38458263874053955,
                    -0.8494155406951904,
                    0.361371785402298,
                    0.8080518841743469
                ],
                [
                    0.0,
                    0.39148029685020447,
                    0.920186460018158,
                    2.0575995445251465
                ],
                [
                    0.0,
                    0.0,
                    0.0,
                    1.0
                ]
            ]
        },
        {
            "file_path": "train/r_15",
            "rotation": 0.06283185307179587,
            "transform_matrix": [
                [
                    0.39233699440956116,
                    0.6734112501144409,
                    -0.6265692114830017,
                    -3.7724459171295166
                ],
                [
                    -0.9198215007781982,
                    0.28723418712615967,
                    -0.2672543525695801,
                    -1.609084129333496
                ],
                [
                    1.4901159417490817e-08,
                    0.6811856031417847,
                    0.7321107983589172,
                    4.407890319824219
                ],
                [
                    0.0,
                    0.0,
                    0.0,
                    1.0
                ]
            ],
            "transform_matrix_sun": [
                [
                    0.08991289883852005,
                    -0.9555478096008301,
                    0.280791699886322,
                    0.6278694868087769
                ],
                [
                    0.9959497451782227,
                    0.08626546710729599,
                    -0.025349467992782593,
                    -0.056683145463466644
                ],
                [
                    1.862645593320167e-09,
                    0.2819336950778961,
                    0.9594337344169617,
                    2.145359516143799
                ],
                [
                    0.0,
                    0.0,
                    0.0,
                    1.0
                ]
            ]
        },
        {
            "file_path": "train/r_16",
            "rotation": 0.06283185307179587,
            "transform_matrix": [
                [
                    0.39233699440956116,
                    0.6734112501144409,
                    -0.6265692114830017,
                    -3.7724459171295166
                ],
                [
                    -0.9198215007781982,
                    0.28723418712615967,
                    -0.2672543525695801,
                    -1.609084129333496
                ],
                [
                    1.4901159417490817e-08,
                    0.6811856031417847,
                    0.7321107983589172,
                    4.407890319824219
                ],
                [
                    0.0,
                    0.0,
                    0.0,
                    1.0
                ]
            ],
            "transform_matrix_sun": [
                [
                    -0.9696694612503052,
                    -0.15280938148498535,
                    0.19076313078403473,
                    0.42655935883522034
                ],
                [
                    0.2444203495979309,
                    -0.6062285900115967,
                    0.7567994594573975,
                    1.6922551393508911
                ],
                [
                    7.450581485102248e-09,
                    0.7804716229438782,
                    0.6251910328865051,
                    1.3979698419570923
                ],
                [
                    0.0,
                    0.0,
                    0.0,
                    1.0
                ]
            ]
        },
        {
            "file_path": "train/r_17",
            "rotation": 0.06283185307179587,
            "transform_matrix": [
                [
                    0.39233699440956116,
                    0.6734112501144409,
                    -0.6265692114830017,
                    -3.7724459171295166
                ],
                [
                    -0.9198215007781982,
                    0.28723418712615967,
                    -0.2672543525695801,
                    -1.609084129333496
                ],
                [
                    1.4901159417490817e-08,
                    0.6811856031417847,
                    0.7321107983589172,
                    4.407890319824219
                ],
                [
                    0.0,
                    0.0,
                    0.0,
                    1.0
                ]
            ],
            "transform_matrix_sun": [
                [
                    0.734667956829071,
                    0.5084272027015686,
                    -0.4491821527481079,
                    -1.0044019222259521
                ],
                [
                    -0.6784268021583557,
                    0.5505754947662354,
                    -0.48641905188560486,
                    -1.0876661539077759
                ],
                [
                    1.4901162970204496e-08,
                    0.6620937585830688,
                    0.7494208812713623,
                    1.6757562160491943
                ],
                [
                    0.0,
                    0.0,
                    0.0,
                    1.0
                ]
            ]
        },
        {
            "file_path": "train/r_18",
            "rotation": 0.06283185307179587,
            "transform_matrix": [
                [
                    0.39233699440956116,
                    0.6734112501144409,
                    -0.6265692114830017,
                    -3.7724459171295166
                ],
                [
                    -0.9198215007781982,
                    0.28723418712615967,
                    -0.2672543525695801,
                    -1.609084129333496
                ],
                [
                    1.4901159417490817e-08,
                    0.6811856031417847,
                    0.7321107983589172,
                    4.407890319824219
                ],
                [
                    0.0,
                    0.0,
                    0.0,
                    1.0
                ]
            ],
            "transform_matrix_sun": [
                [
                    0.6369015574455261,
                    -0.7375451922416687,
                    0.2244628220796585,
                    0.5019140839576721
                ],
                [
                    0.770945131778717,
                    0.6093088388442993,
                    -0.18543565273284912,
                    -0.4146466851234436
                ],
                [
                    0.0,
                    0.291152685880661,
                    0.9566766619682312,
                    2.1391937732696533
                ],
                [
                    0.0,
                    0.0,
                    0.0,
                    1.0
                ]
            ]
        },
        {
            "file_path": "train/r_19",
            "rotation": 0.06283185307179587,
            "transform_matrix": [
                [
                    0.39233699440956116,
                    0.6734112501144409,
                    -0.6265692114830017,
                    -3.7724459171295166
                ],
                [
                    -0.9198215007781982,
                    0.28723418712615967,
                    -0.2672543525695801,
                    -1.609084129333496
                ],
                [
                    1.4901159417490817e-08,
                    0.6811856031417847,
                    0.7321107983589172,
                    4.407890319824219
                ],
                [
                    0.0,
                    0.0,
                    0.0,
                    1.0
                ]
            ],
            "transform_matrix_sun": [
                [
                    0.9999780058860779,
                    -0.003946204669773579,
                    0.005338649731129408,
                    0.011937584728002548
                ],
                [
                    0.006638803984969854,
                    0.5944018959999084,
                    -0.8041406869888306,
                    -1.7981133460998535
                ],
                [
                    2.3283064365386963e-10,
                    0.8041584491729736,
                    0.5944149494171143,
                    1.3291523456573486
                ],
                [
                    0.0,
                    0.0,
                    0.0,
                    1.0
                ]
            ]
        },
        {
            "file_path": "train/r_20",
            "rotation": 0.06283185307179587,
            "transform_matrix": [
                [
                    0.39233699440956116,
                    0.6734112501144409,
                    -0.6265692114830017,
                    -3.7724459171295166
                ],
                [
                    -0.9198215007781982,
                    0.28723418712615967,
                    -0.2672543525695801,
                    -1.609084129333496
                ],
                [
                    1.4901159417490817e-08,
                    0.6811856031417847,
                    0.7321107983589172,
                    4.407890319824219
                ],
                [
                    0.0,
                    0.0,
                    0.0,
                    1.0
                ]
            ],
            "transform_matrix_sun": [
                [
                    -0.937738835811615,
                    -0.19332394003868103,
                    0.288568377494812,
                    0.6452585458755493
                ],
                [
                    0.3473411202430725,
                    -0.5219289064407349,
                    0.7790663242340088,
                    1.742045283317566
                ],
                [
                    0.0,
                    0.8307924866676331,
                    0.5565823316574097,
                    1.244555950164795
                ],
                [
                    0.0,
                    0.0,
                    0.0,
                    1.0
                ]
            ]
        },
        {
            "file_path": "train/r_21",
            "rotation": 0.06283185307179587,
            "transform_matrix": [
                [
                    0.39233699440956116,
                    0.6734112501144409,
                    -0.6265692114830017,
                    -3.7724459171295166
                ],
                [
                    -0.9198215007781982,
                    0.28723418712615967,
                    -0.2672543525695801,
                    -1.609084129333496
                ],
                [
                    1.4901159417490817e-08,
                    0.6811856031417847,
                    0.7321107983589172,
                    4.407890319824219
                ],
                [
                    0.0,
                    0.0,
                    0.0,
                    1.0
                ]
            ],
            "transform_matrix_sun": [
                [
                    -0.9953184127807617,
                    -0.06328686326742172,
                    0.07304853200912476,
                    0.1633414775133133
                ],
                [
                    0.09665048122406006,
                    -0.6517358422279358,
                    0.7522626519203186,
                    1.6821104288101196
                ],
                [
                    0.0,
                    0.7558009624481201,
                    0.6548013091087341,
                    1.4641802310943604
                ],
                [
                    0.0,
                    0.0,
                    0.0,
                    1.0
                ]
            ]
        },
        {
            "file_path": "train/r_22",
            "rotation": 0.06283185307179587,
            "transform_matrix": [
                [
                    0.39233699440956116,
                    0.6734112501144409,
                    -0.6265692114830017,
                    -3.7724459171295166
                ],
                [
                    -0.9198215007781982,
                    0.28723418712615967,
                    -0.2672543525695801,
                    -1.609084129333496
                ],
                [
                    1.4901159417490817e-08,
                    0.6811856031417847,
                    0.7321107983589172,
                    4.407890319824219
                ],
                [
                    0.0,
                    0.0,
                    0.0,
                    1.0
                ]
            ],
            "transform_matrix_sun": [
                [
                    0.07714439928531647,
                    0.9967782497406006,
                    -0.021953487768769264,
                    -0.04908949136734009
                ],
                [
                    -0.9970199465751648,
                    0.07712569832801819,
                    -0.0016986507689580321,
                    -0.0037982985377311707
                ],
                [
                    0.0,
                    0.022018341347575188,
                    0.9997575283050537,
                    2.2355258464813232
                ],
                [
                    0.0,
                    0.0,
                    0.0,
                    1.0
                ]
            ]
        },
        {
            "file_path": "train/r_23",
            "rotation": 0.06283185307179587,
            "transform_matrix": [
                [
                    0.39233699440956116,
                    0.6734112501144409,
                    -0.6265692114830017,
                    -3.7724459171295166
                ],
                [
                    -0.9198215007781982,
                    0.28723418712615967,
                    -0.2672543525695801,
                    -1.609084129333496
                ],
                [
                    1.4901159417490817e-08,
                    0.6811856031417847,
                    0.7321107983589172,
                    4.407890319824219
                ],
                [
                    0.0,
                    0.0,
                    0.0,
                    1.0
                ]
            ],
            "transform_matrix_sun": [
                [
                    0.37709322571754456,
                    -0.8859879970550537,
                    0.26986294984817505,
                    0.6034319400787354
                ],
                [
                    0.9261752963066101,
                    0.360730916261673,
                    -0.10987497866153717,
                    -0.24568793177604675
                ],
                [
                    7.450580152834618e-09,
                    0.29137352108955383,
                    0.9566093683242798,
                    2.1390435695648193
                ],
                [
                    0.0,
                    0.0,
                    0.0,
                    1.0
                ]
            ]
        },
        {
            "file_path": "train/r_24",
            "rotation": 0.06283185307179587,
