{
    "camera_angle_x": 0.6911112070083618,
    "frames": [
        {
            "file_path": "train/r_000",
            "rotation": 0.06283185307179587,
            "transform_matrix": [
                [
                    -0.846229076385498,
                    -0.1301298588514328,
                    0.5166841745376587,
                    2.082820415496826
                ],
                [
                    0.5328192114830017,
                    -0.20667363703250885,
                    0.8206032514572144,
                    3.307957410812378
                ],
                [
                    1.4901161193847656e-08,
                    0.9697175621986389,
                    0.24422892928123474,
                    0.98451828956604
                ],
                [
                    0.0,
                    0.0,
                    0.0,
                    1.0
                ]
            ],
            "transform_matrix_sun": [
                [
                    -1.0,
                    0.0,
                    0.0,
                    0.0
                ],
                [
                    0.0,
                    -0.4472135603427887,
                    0.8944271802902222,
                    2.0
                ],
                [
                    0.0,
                    0.8944271206855774,
                    0.4472135901451111,
                    1.0
                ],
                [
                    0.0,
                    0.0,
                    0.0,
                    1.0
                ]
            ]
        },
        {
            "file_path": "train/r_003",
            "rotation": 0.06283185307179587,
            "transform_matrix": [
                [
                    0.11571455001831055,
                    0.2991524338722229,
                    -0.9471630454063416,
                    -3.81813645362854
                ],
                [
                    -0.9932824969291687,
                    0.03485039621591568,
                    -0.11034176498651505,
                    -0.4448018968105316
                ],
                [
                    0.0,
                    0.9535685777664185,
                    0.30117562413215637,
                    1.2140778303146362
                ],
                [
                    0.0,
                    0.0,
                    0.0,
                    1.0
                ]
            ],
            "transform_matrix_sun": [
                [
                    -1.0,
                    0.0,
                    0.0,
                    0.0
                ],
                [
                    0.0,
                    -0.4472135603427887,
                    0.8944271802902222,
                    2.0
                ],
                [
                    0.0,
                    0.8944271206855774,
                    0.4472135901451111,
                    1.0
                ],
                [
                    0.0,
                    0.0,
                    0.0,
                    1.0
                ]
            ]
        },
        {
            "file_path": "train/r_007",
            "rotation": 0.06283185307179587,
            "transform_matrix": [
                [
                    -0.6674513816833496,
                    -0.4916660487651825,
                    0.55926114320755,
                    2.254453659057617
                ],
                [
                    0.7446532845497131,
                    -0.44069260358810425,
                    0.5012797713279724,
                    2.020723342895508
                ],
                [
                    1.4901160305669237e-08,
                    0.7510355114936829,
                    0.6602617502212524,
                    2.661600351333618
                ],
                [
                    0.0,
                    0.0,
                    0.0,
                    1.0
                ]
            ],
            "transform_matrix_sun": [
                [
                    -1.0,
                    0.0,
                    0.0,
                    0.0
                ],
                [
                    0.0,
                    -0.4472135603427887,
                    0.8944271802902222,
                    2.0
                ],
                [
                    0.0,
                    0.8944271206855774,
                    0.4472135901451111,
                    1.0
                ],
                [
                    0.0,
                    0.0,
                    0.0,
                    1.0
                ]
            ]
        },
        {
            "file_path": "train/r_010",
            "rotation": 0.06283185307179587,
            "transform_matrix": [
                [
                    0.8743332028388977,
                    0.11778797209262848,
                    -0.4708157777786255,
                    -1.8979190587997437
                ],
                [
                    -0.48532620072364807,
                    0.21219941973686218,
                    -0.8481921553611755,
                    -3.4191720485687256
                ],
                [
                    0.0,
                    0.9701017737388611,
                    0.2426985651254654,
                    0.9783492088317871
                ],
                [
                    0.0,
                    0.0,
                    0.0,
                    1.0
                ]
            ],
            "transform_matrix_sun": [
                [
                    -1.0,
                    0.0,
                    0.0,
                    0.0
                ],
                [
                    0.0,
                    -0.4472135603427887,
                    0.8944271802902222,
                    2.0
                ],
                [
                    0.0,
                    0.8944271206855774,
                    0.4472135901451111,
                    1.0
                ],
                [
                    0.0,
                    0.0,
                    0.0,
                    1.0
                ]
            ]
        },
        {
            "file_path": "train/r_014",
            "rotation": 0.06283185307179587,
            "transform_matrix": [
                [
                    -0.9999176859855652,
                    -0.007753253914415836,
                    0.010216002352535725,
                    0.0411820225417614
                ],
                [
                    0.012824960984289646,
                    -0.6044943332672119,
                    0.7965062260627747,
                    3.2108192443847656
                ],
                [
                    4.6566125955216364e-10,
                    0.796571671962738,
                    0.6045440435409546,
                    2.436995029449463
                ],
                [
                    0.0,
                    0.0,
                    0.0,
                    1.0
                ]
            ],
            "transform_matrix_sun": [
                [
                    -1.0,
                    0.0,
                    0.0,
                    0.0
                ],
                [
                    0.0,
                    -0.4472135603427887,
                    0.8944271802902222,
                    2.0
                ],
                [
                    0.0,
                    0.8944271206855774,
                    0.4472135901451111,
                    1.0
                ],
                [
                    0.0,
                    0.0,
                    0.0,
                    1.0
                ]
            ]
        },
        {
            "file_path": "train/r_018",
            "rotation": 0.06283185307179587,
            "transform_matrix": [
                [
                    0.21913225948810577,
                    0.3084444999694824,
                    -0.9256581664085388,
                    -3.731447458267212
                ],
                [
                    -0.9756951928138733,
                    0.06927382946014404,
                    -0.20789439976215363,
                    -0.8380491137504578
                ],
                [
                    0.0,
                    0.9487165808677673,
                    0.3161279261112213,
                    1.2743524312973022
                ],
                [
                    0.0,
                    0.0,
                    0.0,
                    1.0
                ]
            ],
            "transform_matrix_sun": [
                [
                    -1.0,
                    0.0,
                    0.0,
                    0.0
                ],
                [
                    0.0,
                    -0.4472135603427887,
                    0.8944271802902222,
                    2.0
                ],
                [
                    0.0,
                    0.8944271206855774,
                    0.4472135901451111,
                    1.0
                ],
                [
                    0.0,
                    0.0,
                    0.0,
                    1.0
                ]
            ]
        },
        {
            "file_path": "train/r_021",
            "rotation": 0.06283185307179587,
            "transform_matrix": [
                [
                    0.884148120880127,
                    -0.43367984890937805,
                    0.17379234731197357,
                    0.7005793452262878
                ],
                [
                    0.46720653772354126,
                    0.8207017779350281,
                    -0.32888704538345337,
                    -1.3257861137390137
                ],
                [
                    -1.4901160305669237e-08,
                    0.37198176980018616,
                    0.9282400012016296,
                    3.7418551445007324
                ],
                [
                    0.0,
                    0.0,
                    0.0,
                    1.0
                ]
            ],
            "transform_matrix_sun": [
                [
                    -1.0,
                    0.0,
                    0.0,
                    0.0
                ],
                [
                    0.0,
                    -0.4472135603427887,
                    0.8944271802902222,
                    2.0
                ],
                [
                    0.0,
                    0.8944271206855774,
                    0.4472135901451111,
                    1.0
                ],
                [
                    0.0,
                    0.0,
                    0.0,
                    1.0
                ]
            ]
        },
        {
            "file_path": "train/r_025",
            "rotation": 0.06283185307179587,
            "transform_matrix": [
                [
                    0.9331168532371521,
                    -0.35856735706329346,
                    0.02687864378094673,
                    0.10835126042366028
                ],
                [
                    0.3595733642578125,
                    0.93050616979599,
                    -0.06975187361240387,
                    -0.2811787724494934
                ],
                [
                    1.862645149230957e-09,
                    0.074751116335392,
                    0.9972023367881775,
                    4.019850730895996
                ],
                [
                    0.0,
                    0.0,
                    0.0,
                    1.0
                ]
            ],
            "transform_matrix_sun": [
                [
                    -1.0,
                    0.0,
                    0.0,
                    0.0
                ],
                [
                    0.0,
                    -0.4472135603427887,
                    0.8944271802902222,
                    2.0
                ],
                [
                    0.0,
                    0.8944271206855774,
                    0.4472135901451111,
                    1.0
                ],
                [
                    0.0,
                    0.0,
                    0.0,
                    1.0
                ]
            ]
        },
        {
            "file_path": "train/r_028",
            "rotation": 0.06283185307179587,
            "transform_matrix": [
                [
                    0.8232847452163696,
                    0.3275977671146393,
                    -0.4635535776615143,
                    -1.8686442375183105
                ],
                [
                    -0.5676286220550537,
                    0.4751456677913666,
                    -0.6723350286483765,
                    -2.7102692127227783
                ],
                [
                    1.4901161193847656e-08,
                    0.816649317741394,
                    0.5771340727806091,
                    2.3265018463134766
                ],
                [
                    0.0,
                    0.0,
                    0.0,
                    1.0
                ]
            ],
            "transform_matrix_sun": [
                [
                    -1.0,
                    0.0,
                    0.0,
                    0.0
                ],
                [
                    0.0,
                    -0.4472135603427887,
                    0.8944271802902222,
                    2.0
                ],
                [
                    0.0,
                    0.8944271206855774,
                    0.4472135901451111,
                    1.0
                ],
                [
                    0.0,
                    0.0,
                    0.0,
                    1.0
                ]
            ]
        },
        {
            "file_path": "train/r_032",
            "rotation": 0.06283185307179587,
            "transform_matrix": [
                [
                    -0.6188393831253052,
                    0.397678405046463,
                    -0.6774140000343323,
                    -2.730742931365967
                ],
                [
                    -0.7855174541473389,
                    -0.31329545378685,
                    0.5336742997169495,
                    2.1513097286224365
                ],
                [
                    1.4901160305669237e-08,
                    0.8623791337013245,
                    0.5062629580497742,
                    2.040811061859131
                ],
                [
                    0.0,
                    0.0,
                    0.0,
                    1.0
                ]
            ],
            "transform_matrix_sun": [
                [
                    -1.0,
                    0.0,
                    0.0,
                    0.0
                ],
                [
                    0.0,
                    -0.4472135603427887,
                    0.8944271802902222,
                    2.0
                ],
                [
                    0.0,
                    0.8944271206855774,
                    0.4472135901451111,
                    1.0
                ],
                [
                    0.0,
                    0.0,
                    0.0,
                    1.0
                ]
            ]
        },
        {
            "file_path": "train/r_036",
            "rotation": 0.06283185307179587,
            "transform_matrix": [
                [
                    0.9909181594848633,
                    0.10773415863513947,
                    -0.08046507090330124,
                    -0.3243650794029236
                ],
                [
                    -0.13446663320064545,
                    0.7939198017120361,
                    -0.5929670929908752,
                    -2.390326738357544
                ],
                [
                    0.0,
                    0.5984017252922058,
                    0.8011962175369263,
                    3.2297253608703613
                ],
                [
                    0.0,
                    0.0,
                    0.0,
                    1.0
                ]
            ],
            "transform_matrix_sun": [
                [
                    -1.0,
                    0.0,
                    0.0,
                    0.0
                ],
                [
                    0.0,
                    -0.4472135603427887,
                    0.8944271802902222,
                    2.0
                ],
                [
                    0.0,
                    0.8944271206855774,
                    0.4472135901451111,
                    1.0
                ],
                [
                    0.0,
                    0.0,
                    0.0,
                    1.0
                ]
            ]
        },
        {
            "file_path": "train/r_039",
            "rotation": 0.06283185307179587,
            "transform_matrix": [
                [
                    0.8980066776275635,
                    0.37305736541748047,
                    -0.2332642376422882,
                    -0.94031822681427
                ],
                [
                    -0.4399818778038025,
                    0.7614132165908813,
                    -0.47609424591064453,
                    -1.9191973209381104
                ],
                [
                    0.0,
                    0.5301678776741028,
                    0.847892701625824,
                    3.4179646968841553
                ],
                [
                    0.0,
                    0.0,
                    0.0,
                    1.0
                ]
            ],
            "transform_matrix_sun": [
                [
                    -1.0,
                    0.0,
                    0.0,
                    0.0
                ],
                [
                    0.0,
                    -0.4472135603427887,
                    0.8944271802902222,
                    2.0
                ],
                [
                    0.0,
                    0.8944271206855774,
                    0.4472135901451111,
                    1.0
                ],
                [
                    0.0,
                    0.0,
                    0.0,
                    1.0
                ]
            ]
        },
        {
            "file_path": "train/r_043",
            "rotation": 0.06283185307179587,
            "transform_matrix": [
                [
                    -0.9999527335166931,
                    -0.009391454979777336,
                    0.002527882345020771,
                    0.010190218687057495
                ],
                [
                    0.009725719690322876,
                    -0.9655852317810059,
                    0.25990498065948486,
                    1.0477104187011719
                ],
                [
                    0.0,
                    0.2599172592163086,
                    0.9656309485435486,
                    3.892582416534424
                ],
                [
                    0.0,
                    0.0,
                    0.0,
                    1.0
                ]
            ],
            "transform_matrix_sun": [
                [
                    -1.0,
                    0.0,
                    0.0,
                    0.0
                ],
                [
                    0.0,
                    -0.4472135603427887,
                    0.8944271802902222,
                    2.0
                ],
                [
                    0.0,
                    0.8944271206855774,
                    0.4472135901451111,
                    1.0
                ],
                [
                    0.0,
                    0.0,
                    0.0,
                    1.0
                ]
            ]
        },
        {
            "file_path": "train/r_046",
            "rotation": 0.06283185307179587,
            "transform_matrix": [
                [
                    -0.6970083713531494,
                    0.19158172607421875,
                    -0.6909962296485901,
                    -2.785494804382324
                ],
                [
                    -0.7170630693435669,
                    -0.1862235963344574,
                    0.6716706156730652,
                    2.7075908184051514
                ],
                [
                    1.4901162970204496e-08,
                    0.9636478424072266,
                    0.2671755850315094,
                    1.077019214630127
                ],
                [
                    0.0,
                    0.0,
                    0.0,
                    1.0
                ]
            ],
            "transform_matrix_sun": [
                [
                    -1.0,
                    0.0,
                    0.0,
                    0.0
                ],
                [
                    0.0,
                    -0.4472135603427887,
                    0.8944271802902222,
                    2.0
                ],
                [
                    0.0,
                    0.8944271206855774,
                    0.4472135901451111,
                    1.0
                ],
                [
                    0.0,
                    0.0,
                    0.0,
                    1.0
                ]
            ]
        },
        {
            "file_path": "train/r_050",
            "rotation": 0.06283185307179587,
            "transform_matrix": [
                [
                    -0.8975988030433655,
                    -0.3580455183982849,
                    0.2571377456188202,
                    1.0365554094314575
                ],
                [
                    0.4408133327960968,
                    -0.7290641665458679,
                    0.5235924124717712,
                    2.110668420791626
                ],
                [
                    0.0,
                    0.5833255648612976,
                    0.8122383952140808,
                    3.274237632751465
                ],
                [
                    0.0,
                    0.0,
                    0.0,
                    1.0
                ]
            ],
            "transform_matrix_sun": [
                [
                    -1.0,
                    0.0,
                    0.0,
                    0.0
                ],
                [
                    0.0,
                    -0.4472135603427887,
                    0.8944271802902222,
                    2.0
                ],
                [
                    0.0,
                    0.8944271206855774,
                    0.4472135901451111,
                    1.0
                ],
                [
                    0.0,
                    0.0,
                    0.0,
                    1.0
                ]
            ]
        },
        {
            "file_path": "train/r_054",
            "rotation": 0.06283185307179587,
            "transform_matrix": [
                [
                    0.8959789276123047,
                    -0.2787572741508484,
                    0.34571123123168945,
                    1.3936065435409546
                ],
                [
                    0.4440966844558716,
                    0.5624014735221863,
                    -0.6974831819534302,
                    -2.8116445541381836
                ],
                [
                    0.0,
                    0.778459370136261,
                    0.6276949644088745,
                    2.5303194522857666
                ],
                [
                    0.0,
                    0.0,
                    0.0,
                    1.0
                ]
            ],
            "transform_matrix_sun": [
                [
                    -1.0,
                    0.0,
                    0.0,
                    0.0
                ],
                [
                    0.0,
                    -0.4472135603427887,
                    0.8944271802902222,
                    2.0
                ],
                [
                    0.0,
                    0.8944271206855774,
                    0.4472135901451111,
                    1.0
                ],
                [
                    0.0,
                    0.0,
                    0.0,
                    1.0
                ]
            ]
        },
        {
            "file_path": "train/r_057",
            "rotation": 0.06283185307179587,
            "transform_matrix": [
                [
                    0.7377491593360901,
                    -0.48793739080429077,
                    0.4665224850177765,
                    1.8806122541427612
                ],
                [
                    0.6750748157501221,
                    0.5332377552986145,
                    -0.5098346471786499,
                    -2.055209159851074
                ],
                [
                    -1.4901160305669237e-08,
                    0.6910677552223206,
                    0.7227899432182312,
                    2.9136595726013184
                ],
                [
                    0.0,
                    0.0,
                    0.0,
                    1.0
                ]
            ],
            "transform_matrix_sun": [
                [
                    -1.0,
                    0.0,
                    0.0,
                    0.0
                ],
                [
                    0.0,
                    -0.4472135603427887,
                    0.8944271802902222,
                    2.0
                ],
                [
                    0.0,
                    0.8944271206855774,
                    0.4472135901451111,
                    1.0
                ],
                [
                    0.0,
                    0.0,
                    0.0,
                    1.0
                ]
            ]
        },
        {
            "file_path": "train/r_061",
            "rotation": 0.06283185307179587,
            "transform_matrix": [
                [
                    0.14790916442871094,
                    0.9391753673553467,
                    -0.30995556712150574,
                    -1.249470829963684
                ],
                [
                    -0.9890008568763733,
                    0.14045757055282593,
                    -0.04635513946413994,
                    -0.18686354160308838
                ],
                [
                    0.0,
                    0.3134028911590576,
                    0.9496203660964966,
                    3.8280420303344727
                ],
                [
                    0.0,
                    0.0,
                    0.0,
                    1.0
                ]
            ],
            "transform_matrix_sun": [
                [
                    -1.0,
                    0.0,
                    0.0,
                    0.0
                ],
                [
                    0.0,
                    -0.4472135603427887,
                    0.8944271802902222,
                    2.0
                ],
                [
                    0.0,
                    0.8944271206855774,
                    0.4472135901451111,
                    1.0
                ],
                [
                    0.0,
                    0.0,
                    0.0,
                    1.0
                ]
            ]
        },
        {
            "file_path": "train/r_064",
            "rotation": 0.06283185307179587,
            "transform_matrix": [
                [
                    0.6144964098930359,
                    -0.4647671580314636,
                    0.6374838948249817,
                    2.569779396057129
                ],
                [
                    0.7889196276664734,
                    0.3620111644268036,
                    -0.4965417683124542,
                    -2.0016236305236816
                ],
                [
                    2.9802322387695312e-08,
                    0.8080466389656067,
                    0.5891185402870178,
                    2.374812602996826
                ],
                [
                    0.0,
                    0.0,
                    0.0,
                    1.0
                ]
            ],
            "transform_matrix_sun": [
                [
                    -1.0,
                    0.0,
                    0.0,
                    0.0
                ],
                [
                    0.0,
                    -0.4472135603427887,
                    0.8944271802902222,
                    2.0
                ],
                [
                    0.0,
                    0.8944271206855774,
                    0.4472135901451111,
                    1.0
                ],
                [
                    0.0,
                    0.0,
                    0.0,
                    1.0
                ]
            ]
        },
        {
            "file_path": "train/r_068",
            "rotation": 0.06283185307179587,
            "transform_matrix": [
                [
                    0.9256167411804199,
                    -0.12241003662347794,
                    0.35811951756477356,
                    1.4436259269714355
                ],
                [
                    0.3784624934196472,
                    0.299381822347641,
                    -0.8758634328842163,
                    -3.5307183265686035
                ],
                [
                    0.0,
                    0.9462485313415527,
                    0.32344040274620056,
                    1.3038299083709717
                ],
                [
                    0.0,
                    0.0,
                    0.0,
                    1.0
                ]
            ],
            "transform_matrix_sun": [
                [
                    -1.0,
                    0.0,
                    0.0,
                    0.0
                ],
                [
                    0.0,
                    -0.4472135603427887,
                    0.8944271802902222,
                    2.0
                ],
                [
                    0.0,
                    0.8944271206855774,
                    0.4472135901451111,
                    1.0
                ],
                [
                    0.0,
                    0.0,
                    0.0,
                    1.0
                ]
            ]
        },
        {
            "file_path": "train/r_072",
            "rotation": 0.06283185307179587,
            "transform_matrix": [
                [
                    -0.9909816384315491,
                    0.10043863207101822,
                    -0.0886981189250946,
                    -0.35755354166030884
                ],
                [
                    -0.13399727642536163,
                    -0.7427974343299866,
                    0.65597003698349,
                    2.6442997455596924
                ],
                [
                    0.0,
                    0.6619395017623901,
                    0.7495571970939636,
                    3.021561622619629
                ],
                [
                    0.0,
                    0.0,
                    0.0,
                    1.0
                ]
            ],
            "transform_matrix_sun": [
                [
                    -1.0,
                    0.0,
                    0.0,
                    0.0
                ],
                [
                    0.0,
                    -0.4472135603427887,
                    0.8944271802902222,
                    2.0
                ],
                [
                    0.0,
                    0.8944271206855774,
                    0.4472135901451111,
                    1.0
                ],
                [
                    0.0,
                    0.0,
                    0.0,
                    1.0
                ]
            ]
        },
        {
            "file_path": "train/r_075",
            "rotation": 0.06283185307179587,
            "transform_matrix": [
                [
                    0.8470937013626099,
                    -0.21088837087154388,
                    0.4878097474575043,
                    1.966423749923706
                ],
                [
                    0.5314435362815857,
                    0.33614522218704224,
                    -0.7775436639785767,
                    -3.134378433227539
                ],
                [
                    0.0,
                    0.9178956747055054,
                    0.3968218266963959,
                    1.5996397733688354
                ],
                [
                    0.0,
                    0.0,
                    0.0,
                    1.0
                ]
            ],
            "transform_matrix_sun": [
                [
                    -1.0,
                    0.0,
                    0.0,
                    0.0
                ],
                [
                    0.0,
                    -0.4472135603427887,
                    0.8944271802902222,
                    2.0
                ],
                [
                    0.0,
                    0.8944271206855774,
                    0.4472135901451111,
                    1.0
                ],
                [
                    0.0,
                    0.0,
                    0.0,
                    1.0
                ]
            ]
        },
        {
            "file_path": "train/r_079",
            "rotation": 0.06283185307179587,
            "transform_matrix": [
                [
                    -0.42828497290611267,
                    -0.537830650806427,
                    0.7261612415313721,
                    2.9272496700286865
                ],
                [
                    0.9036436676979065,
                    -0.25490665435791016,
                    0.3441665768623352,
                    1.3873798847198486
                ],
                [
                    0.0,
                    0.8035925030708313,
                    0.5951799154281616,
                    2.39924693107605
                ],
                [
                    0.0,
                    0.0,
                    0.0,
                    1.0
                ]
            ],
            "transform_matrix_sun": [
                [
                    -1.0,
                    0.0,
                    0.0,
                    0.0
                ],
                [
                    0.0,
                    -0.4472135603427887,
                    0.8944271802902222,
                    2.0
                ],
                [
                    0.0,
                    0.8944271206855774,
                    0.4472135901451111,
                    1.0
                ],
                [
                    0.0,
                    0.0,
                    0.0,
                    1.0
                ]
            ]
        },
        {
            "file_path": "train/r_082",
            "rotation": 0.06283185307179587,
            "transform_matrix": [
                [
                    -0.865956723690033,
                    0.34311240911483765,
                    -0.36385810375213623,
                    -1.4667589664459229
                ],
                [
                    -0.5001187920570374,
                    -0.5940998196601868,
                    0.6300210356712341,
                    2.539695978164673
                ],
                [
                    0.0,
                    0.727543294429779,
                    0.6860617399215698,
                    2.7656033039093018
                ],
                [
                    0.0,
                    0.0,
                    0.0,
                    1.0
                ]
            ],
            "transform_matrix_sun": [
                [
                    -1.0,
                    0.0,
                    0.0,
                    0.0
                ],
                [
                    0.0,
                    -0.4472135603427887,
                    0.8944271802902222,
                    2.0
                ],
                [
                    0.0,
                    0.8944271206855774,
                    0.4472135901451111,
                    1.0
                ],
                [
                    0.0,
                    0.0,
                    0.0,
                    1.0
                ]
            ]
        },
        {
            "file_path": "train/r_086",
            "rotation": 0.06283185307179587,
            "transform_matrix": [
                [
                    0.6465314626693726,
                    -0.38819950819015503,
                    0.6567328572273254,
                    2.6473748683929443
                ],
                [
                    0.7628872394561768,
                    0.32899123430252075,
                    -0.5565678477287292,
                    -2.2435967922210693
                ],
                [
                    1.4901161193847656e-08,
                    0.8608517646789551,
                    0.5088557004928589,
                    2.051262855529785
                ],
                [
                    0.0,
                    0.0,
                    0.0,
                    1.0
                ]
            ],
            "transform_matrix_sun": [
                [
                    -1.0,
                    0.0,
                    0.0,
                    0.0
                ],
                [
                    0.0,
                    -0.4472135603427887,
                    0.8944271802902222,
                    2.0
                ],
                [
                    0.0,
                    0.8944271206855774,
                    0.4472135901451111,
                    1.0
                ],
                [
                    0.0,
                    0.0,
                    0.0,
                    1.0
                ]
            ]
        },
        {
            "file_path": "train/r_090",
            "rotation": 0.06283185307179587,
            "transform_matrix": [
                [
                    0.06922847032546997,
                    0.9203690886497498,
                    -0.38487401604652405,
                    -1.5514765977859497
                ],
                [
                    -0.9976008534431458,
                    0.06386896967887878,
                    -0.026708316057920456,
                    -0.10766465216875076
                ],
                [
                    0.0,
                    0.3857995271682739,
                    0.9225826859474182,
                    3.7190492153167725
                ],
                [
                    0.0,
                    0.0,
                    0.0,
                    1.0
                ]
            ],
            "transform_matrix_sun": [
                [
                    -1.0,
                    0.0,
                    0.0,
                    0.0
                ],
                [
                    0.0,
                    -0.4472135603427887,
                    0.8944271802902222,
                    2.0
                ],
                [
                    0.0,
                    0.8944271206855774,
                    0.4472135901451111,
                    1.0
                ],
                [
                    0.0,
                    0.0,
                    0.0,
                    1.0
                ]
            ]
        },
        {
            "file_path": "train/r_093",
