{
    "camera_angle_x": 0.6911112070083618,
    "frames": [
        {
            "file_path": "train/r_0",
            "rotation": 0.06283185307179587,
            "transform_matrix": [
                [
                    0.42577889561653137,
                    0.6508521437644958,
                    -0.6285728812217712,
                    -3.3462283611297607
                ],
                [
                    -0.9048271775245667,
                    0.3062674403190613,
                    -0.2957836091518402,
                    -1.5746138095855713
                ],
                [
                    1.4901160305669237e-08,
                    0.6946883201599121,
                    0.7193108797073364,
                    3.829275131225586
                ],
                [
                    0.0,
                    0.0,
                    0.0,
                    1.0
                ]
            ],
            "transform_matrix_sun": [
                [
                    -0.8878547549247742,
                    -0.4601088762283325,
                    0.003727615810930729,
                    0.008335202932357788
                ],
                [
                    0.4601239562034607,
                    -0.887825608253479,
                    0.007192803081125021,
                    0.016083598136901855
                ],
                [
                    2.3283064365386963e-10,
                    0.008100486360490322,
                    0.999967098236084,
                    2.235994577407837
                ],
                [
                    0.0,
                    0.0,
                    0.0,
                    1.0
                ]
            ]
        },
        {
            "file_path": "train/r_1",
            "rotation": 0.06283185307179587,
            "transform_matrix": [
                [
                    0.42577889561653137,
                    0.6508521437644958,
                    -0.6285728812217712,
                    -3.3462283611297607
                ],
                [
                    -0.9048271775245667,
                    0.3062674403190613,
                    -0.2957836091518402,
                    -1.5746138095855713
                ],
                [
                    1.4901160305669237e-08,
                    0.6946883201599121,
                    0.7193108797073364,
                    3.829275131225586
                ],
                [
                    0.0,
                    0.0,
                    0.0,
                    1.0
                ]
            ],
            "transform_matrix_sun": [
                [
                    0.4307588040828705,
                    0.5423452854156494,
                    -0.7213239669799805,
                    -1.6129295825958252
                ],
                [
                    -0.9024670720100403,
                    0.25886815786361694,
                    -0.3442969024181366,
                    -0.7698713541030884
                ],
                [
                    0.0,
                    0.7992801070213318,
                    0.6009585857391357,
                    1.3437843322753906
                ],
                [
                    0.0,
                    0.0,
                    0.0,
                    1.0
                ]
            ]
        },
        {
            "file_path": "train/r_2",
            "rotation": 0.06283185307179587,
            "transform_matrix": [
                [
                    0.42577889561653137,
                    0.6508521437644958,
                    -0.6285728812217712,
                    -3.3462283611297607
                ],
                [
                    -0.9048271775245667,
                    0.3062674403190613,
                    -0.2957836091518402,
                    -1.5746138095855713
                ],
                [
                    1.4901160305669237e-08,
                    0.6946883201599121,
                    0.7193108797073364,
                    3.829275131225586
                ],
                [
                    0.0,
                    0.0,
                    0.0,
                    1.0
                ]
            ],
            "transform_matrix_sun": [
                [
                    0.9868433475494385,
                    0.1488453894853592,
                    -0.0631292536854744,
                    -0.14116130769252777
                ],
                [
                    -0.1616794764995575,
                    0.9085078835487366,
                    -0.38532212376594543,
                    -0.8616064786911011
                ],
                [
                    3.725290298461914e-09,
                    0.39045920968055725,
                    0.9206202030181885,
                    2.0585694313049316
                ],
                [
                    0.0,
                    0.0,
                    0.0,
                    1.0
                ]
            ]
        },
        {
            "file_path": "train/r_3",
            "rotation": 0.06283185307179587,
            "transform_matrix": [
                [
                    0.42577889561653137,
                    0.6508521437644958,
                    -0.6285728812217712,
                    -3.3462283611297607
                ],
                [
                    -0.9048271775245667,
                    0.3062674403190613,
                    -0.2957836091518402,
                    -1.5746138095855713
                ],
                [
                    1.4901160305669237e-08,
                    0.6946883201599121,
                    0.7193108797073364,
                    3.829275131225586
                ],
                [
                    0.0,
                    0.0,
                    0.0,
                    1.0
                ]
            ],
            "transform_matrix_sun": [
                [
                    -0.4443356990814209,
                    0.48026540875434875,
                    -0.7562479376792908,
                    -1.6910218000411987
                ],
                [
                    -0.8958604335784912,
                    -0.2382057160139084,
                    0.3750896453857422,
                    0.8387259840965271
                ],
                [
                    0.0,
                    0.8441581726074219,
                    0.536094069480896,
                    1.1987427473068237
                ],
                [
                    0.0,
                    0.0,
                    0.0,
                    1.0
                ]
            ]
        },
        {
            "file_path": "train/r_4",
            "rotation": 0.06283185307179587,
            "transform_matrix": [
                [
                    0.42577889561653137,
                    0.6508521437644958,
                    -0.6285728812217712,
                    -3.3462283611297607
                ],
                [
                    -0.9048271775245667,
                    0.3062674403190613,
                    -0.2957836091518402,
                    -1.5746138095855713
                ],
                [
                    1.4901160305669237e-08,
                    0.6946883201599121,
                    0.7193108797073364,
                    3.829275131225586
                ],
                [
                    0.0,
                    0.0,
                    0.0,
                    1.0
                ]
            ],
            "transform_matrix_sun": [
                [
                    -0.34637755155563354,
                    -0.9167786240577698,
                    0.1988452821969986,
                    0.44463157653808594
                ],
                [
                    0.938095211982727,
                    -0.3385067582130432,
                    0.07342063635587692,
                    0.16417354345321655
                ],
                [
                    7.450580596923828e-09,
                    0.2119670808315277,
                    0.9772768020629883,
                    2.1852574348449707
                ],
                [
                    0.0,
                    0.0,
                    0.0,
                    1.0
                ]
            ]
        },
        {
            "file_path": "train/r_5",
            "rotation": 0.06283185307179587,
            "transform_matrix": [
                [
                    0.42577889561653137,
                    0.6508521437644958,
                    -0.6285728812217712,
                    -3.3462283611297607
                ],
                [
                    -0.9048271775245667,
                    0.3062674403190613,
                    -0.2957836091518402,
                    -1.5746138095855713
                ],
                [
                    1.4901160305669237e-08,
                    0.6946883201599121,
                    0.7193108797073364,
                    3.829275131225586
                ],
                [
                    0.0,
                    0.0,
                    0.0,
                    1.0
                ]
            ],
            "transform_matrix_sun": [
                [
                    0.49738070368766785,
                    -0.7080641984939575,
                    0.501255989074707,
                    1.120842456817627
                ],
                [
                    0.8675323724746704,
                    0.4059531092643738,
                    -0.28738415241241455,
                    -0.642610490322113
                ],
                [
                    0.0,
                    0.5777952075004578,
                    0.8161818981170654,
                    1.825038194656372
                ],
                [
                    0.0,
                    0.0,
                    0.0,
                    1.0
                ]
            ]
        },
        {
            "file_path": "train/r_6",
            "rotation": 0.06283185307179587,
            "transform_matrix": [
                [
                    0.42577889561653137,
                    0.6508521437644958,
                    -0.6285728812217712,
                    -3.3462283611297607
                ],
                [
                    -0.9048271775245667,
                    0.3062674403190613,
                    -0.2957836091518402,
                    -1.5746138095855713
                ],
                [
                    1.4901160305669237e-08,
                    0.6946883201599121,
                    0.7193108797073364,
                    3.829275131225586
                ],
                [
                    0.0,
                    0.0,
                    0.0,
                    1.0
                ]
            ],
            "transform_matrix_sun": [
                [
                    -0.05721193179488182,
                    0.4738583266735077,
                    -0.8787406086921692,
                    -1.9649237394332886
                ],
                [
                    -0.998362123966217,
                    -0.027154825627803802,
                    0.050356924533843994,
                    0.11260151118040085
                ],
                [
                    0.0,
                    0.8801822662353516,
                    0.4746357500553131,
                    1.061317801475525
                ],
                [
                    0.0,
                    0.0,
                    0.0,
                    1.0
                ]
            ]
        },
        {
            "file_path": "train/r_7",
            "rotation": 0.06283185307179587,
            "transform_matrix": [
                [
                    0.42577889561653137,
                    0.6508521437644958,
                    -0.6285728812217712,
                    -3.3462283611297607
                ],
                [
                    -0.9048271775245667,
                    0.3062674403190613,
                    -0.2957836091518402,
                    -1.5746138095855713
                ],
                [
                    1.4901160305669237e-08,
                    0.6946883201599121,
                    0.7193108797073364,
                    3.829275131225586
                ],
                [
                    0.0,
                    0.0,
                    0.0,
                    1.0
                ]
            ],
            "transform_matrix_sun": [
                [
                    -0.9658926725387573,
                    -0.15350095927715302,
                    0.20853962004184723,
                    0.4663087725639343
                ],
                [
                    0.25894269347190857,
                    -0.572580099105835,
                    0.7778820991516113,
                    1.7393972873687744
                ],
                [
                    -7.450580596923828e-09,
                    0.8053503632545471,
                    0.5927990078926086,
                    1.3255388736724854
                ],
                [
                    0.0,
                    0.0,
                    0.0,
                    1.0
                ]
            ]
        },
        {
            "file_path": "train/r_8",
            "rotation": 0.06283185307179587,
            "transform_matrix": [
                [
                    0.42577889561653137,
                    0.6508521437644958,
                    -0.6285728812217712,
                    -3.3462283611297607
                ],
                [
                    -0.9048271775245667,
                    0.3062674403190613,
                    -0.2957836091518402,
                    -1.5746138095855713
                ],
                [
                    1.4901160305669237e-08,
                    0.6946883201599121,
                    0.7193108797073364,
                    3.829275131225586
                ],
                [
                    0.0,
                    0.0,
                    0.0,
                    1.0
                ]
            ],
            "transform_matrix_sun": [
                [
                    0.35961925983428955,
                    -0.627732515335083,
                    0.6903808116912842,
                    1.543738603591919
                ],
                [
                    0.9330991506576538,
                    0.2419300377368927,
                    -0.26607486605644226,
                    -0.5949615836143494
                ],
                [
                    0.0,
                    0.7398794889450073,
                    0.6727393269538879,
                    1.50429105758667
                ],
                [
                    0.0,
                    0.0,
                    0.0,
                    1.0
                ]
            ]
        },
        {
            "file_path": "train/r_9",
            "rotation": 0.06283185307179587,
            "transform_matrix": [
                [
                    0.42577889561653137,
                    0.6508521437644958,
                    -0.6285728812217712,
                    -3.3462283611297607
                ],
                [
                    -0.9048271775245667,
                    0.3062674403190613,
                    -0.2957836091518402,
                    -1.5746138095855713
                ],
                [
                    1.4901160305669237e-08,
                    0.6946883201599121,
                    0.7193108797073364,
                    3.829275131225586
                ],
                [
                    0.0,
                    0.0,
                    0.0,
                    1.0
                ]
            ],
            "transform_matrix_sun": [
                [
                    0.8921666145324707,
                    -0.4279366731643677,
                    0.14459891617298126,
                    0.3233330547809601
                ],
                [
                    0.4517063498497009,
                    0.845219075679779,
                    -0.2855978012084961,
                    -0.6386162042617798
                ],
                [
                    1.4901160305669237e-08,
                    0.32011717557907104,
                    0.9473779201507568,
                    2.118401527404785
                ],
                [
                    0.0,
                    0.0,
                    0.0,
                    1.0
                ]
            ]
        },
        {
            "file_path": "train/r_10",
            "rotation": 0.06283185307179587,
            "transform_matrix": [
                [
                    0.42577889561653137,
                    0.6508521437644958,
                    -0.6285728812217712,
                    -3.3462283611297607
                ],
                [
                    -0.9048271775245667,
                    0.3062674403190613,
                    -0.2957836091518402,
                    -1.5746138095855713
                ],
                [
                    1.4901160305669237e-08,
                    0.6946883201599121,
                    0.7193108797073364,
                    3.829275131225586
                ],
                [
                    0.0,
                    0.0,
                    0.0,
                    1.0
                ]
            ],
            "transform_matrix_sun": [
                [
                    0.8841283917427063,
                    0.42708295583724976,
                    -0.18951824307441711,
                    -0.42377567291259766
                ],
                [
                    -0.46724405884742737,
                    0.8081347942352295,
                    -0.3586101531982422,
                    -0.8018766641616821
                ],
                [
                    0.0,
                    0.40560877323150635,
                    0.9140468835830688,
                    2.0438709259033203
                ],
                [
                    0.0,
                    0.0,
                    0.0,
                    1.0
                ]
            ]
        },
        {
            "file_path": "train/r_11",
            "rotation": 0.06283185307179587,
            "transform_matrix": [
                [
                    0.42577889561653137,
                    0.6508521437644958,
                    -0.6285728812217712,
                    -3.3462283611297607
                ],
                [
                    -0.9048271775245667,
                    0.3062674403190613,
                    -0.2957836091518402,
                    -1.5746138095855713
                ],
                [
                    1.4901160305669237e-08,
                    0.6946883201599121,
                    0.7193108797073364,
                    3.829275131225586
                ],
                [
                    0.0,
                    0.0,
                    0.0,
                    1.0
                ]
            ],
            "transform_matrix_sun": [
                [
                    0.9577549695968628,
                    0.2794700860977173,
                    -0.06783712655305862,
                    -0.15168842673301697
                ],
                [
                    -0.28758546710014343,
                    0.930728018283844,
                    -0.22592014074325562,
                    -0.5051727890968323
                ],
                [
                    -7.450580152834618e-09,
                    0.23588506877422333,
                    0.9717810153961182,
                    2.1729683876037598
                ],
                [
                    0.0,
                    0.0,
                    0.0,
                    1.0
                ]
            ]
        },
        {
            "file_path": "train/r_12",
            "rotation": 0.06283185307179587,
            "transform_matrix": [
                [
                    0.42577889561653137,
                    0.6508521437644958,
                    -0.6285728812217712,
                    -3.3462283611297607
                ],
                [
                    -0.9048271775245667,
                    0.3062674403190613,
                    -0.2957836091518402,
                    -1.5746138095855713
                ],
                [
                    1.4901160305669237e-08,
                    0.6946883201599121,
                    0.7193108797073364,
                    3.829275131225586
                ],
                [
                    0.0,
                    0.0,
                    0.0,
                    1.0
                ]
            ],
            "transform_matrix_sun": [
                [
                    0.8419011235237122,
                    -0.5327444672584534,
                    0.08594007045030594,
                    0.19216784834861755
                ],
                [
                    0.5396316051483154,
                    0.8311561942100525,
                    -0.13407857716083527,
                    -0.2998088002204895
                ],
                [
                    -7.4505792646561986e-09,
                    0.15925709903240204,
                    0.9872372150421143,
                    2.2075295448303223
                ],
                [
                    0.0,
                    0.0,
                    0.0,
                    1.0
                ]
            ]
        },
        {
            "file_path": "train/r_13",
            "rotation": 0.06283185307179587,
            "transform_matrix": [
                [
                    0.42577889561653137,
                    0.6508521437644958,
                    -0.6285728812217712,
                    -3.3462283611297607
                ],
                [
                    -0.9048271775245667,
                    0.3062674403190613,
                    -0.2957836091518402,
                    -1.5746138095855713
                ],
                [
                    1.4901160305669237e-08,
                    0.6946883201599121,
                    0.7193108797073364,
                    3.829275131225586
                ],
                [
                    0.0,
                    0.0,
                    0.0,
                    1.0
                ]
            ],
            "transform_matrix_sun": [
                [
                    -0.6078217625617981,
                    -0.7380629777908325,
                    0.29294317960739136,
                    0.6550408601760864
                ],
                [
                    0.7940735220909119,
                    -0.5649486780166626,
                    0.22423270344734192,
                    0.501399576663971
                ],
                [
                    1.4901161193847656e-08,
                    0.36891189217567444,
                    0.9294643402099609,
                    2.078345537185669
                ],
                [
                    0.0,
                    0.0,
                    0.0,
                    1.0
                ]
            ]
        },
        {
            "file_path": "train/r_14",
            "rotation": 0.06283185307179587,
            "transform_matrix": [
                [
                    0.42577889561653137,
                    0.6508521437644958,
                    -0.6285728812217712,
                    -3.3462283611297607
                ],
                [
                    -0.9048271775245667,
                    0.3062674403190613,
                    -0.2957836091518402,
                    -1.5746138095855713
                ],
                [
                    1.4901160305669237e-08,
                    0.6946883201599121,
                    0.7193108797073364,
                    3.829275131225586
                ],
                [
                    0.0,
                    0.0,
                    0.0,
                    1.0
                ]
            ],
            "transform_matrix_sun": [
                [
                    0.3001992702484131,
                    -0.9458356499671936,
                    0.12359374761581421,
                    0.2763640284538269
                ],
                [
                    0.9538764953613281,
                    0.2976687252521515,
                    -0.03889681398868561,
                    -0.08697591722011566
                ],
                [
                    0.0,
                    0.129569873213768,
                    0.9915702939033508,
                    2.2172186374664307
                ],
                [
                    0.0,
                    0.0,
                    0.0,
                    1.0
                ]
            ]
        },
        {
            "file_path": "train/r_15",
            "rotation": 0.06283185307179587,
            "transform_matrix": [
                [
                    0.42577889561653137,
                    0.6508521437644958,
                    -0.6285728812217712,
                    -3.3462283611297607
                ],
                [
                    -0.9048271775245667,
                    0.3062674403190613,
                    -0.2957836091518402,
                    -1.5746138095855713
                ],
                [
                    1.4901160305669237e-08,
                    0.6946883201599121,
                    0.7193108797073364,
                    3.829275131225586
                ],
                [
                    0.0,
                    0.0,
                    0.0,
                    1.0
                ]
            ],
            "transform_matrix_sun": [
                [
                    -0.5188137888908386,
                    0.6534644961357117,
                    -0.551195502281189,
                    -1.2325105667114258
                ],
                [
                    -0.8548873662948608,
                    -0.39657434821128845,
                    0.33450937271118164,
                    0.7479857206344604
                ],
                [
                    0.0,
                    0.6447580456733704,
                    0.7643867135047913,
                    1.7092206478118896
                ],
                [
                    0.0,
                    0.0,
                    0.0,
                    1.0
                ]
            ]
        },
        {
            "file_path": "train/r_16",
            "rotation": 0.06283185307179587,
            "transform_matrix": [
                [
                    0.42577889561653137,
                    0.6508521437644958,
                    -0.6285728812217712,
                    -3.3462283611297607
                ],
                [
                    -0.9048271775245667,
                    0.3062674403190613,
                    -0.2957836091518402,
                    -1.5746138095855713
                ],
                [
                    1.4901160305669237e-08,
                    0.6946883201599121,
                    0.7193108797073364,
                    3.829275131225586
                ],
                [
                    0.0,
                    0.0,
                    0.0,
                    1.0
                ]
            ],
            "transform_matrix_sun": [
                [
                    -0.9721090197563171,
                    0.13978798687458038,
                    -0.18831712007522583,
                    -0.42108988761901855
                ],
                [
                    -0.23452936112880707,
                    -0.5794122219085693,
                    0.7805623412132263,
                    1.7453904151916504
                ],
                [
                    0.0,
                    0.8029575943946838,
                    0.5960361957550049,
                    1.332777500152588
                ],
                [
                    0.0,
                    0.0,
                    0.0,
                    1.0
                ]
            ]
        },
        {
            "file_path": "train/r_17",
            "rotation": 0.06283185307179587,
            "transform_matrix": [
                [
                    0.42577889561653137,
                    0.6508521437644958,
                    -0.6285728812217712,
                    -3.3462283611297607
                ],
                [
                    -0.9048271775245667,
                    0.3062674403190613,
                    -0.2957836091518402,
                    -1.5746138095855713
                ],
                [
                    1.4901160305669237e-08,
                    0.6946883201599121,
                    0.7193108797073364,
                    3.829275131225586
                ],
                [
                    0.0,
                    0.0,
                    0.0,
                    1.0
                ]
            ],
            "transform_matrix_sun": [
                [
                    -0.0882895290851593,
                    0.9731655716896057,
                    -0.21249373257160187,
                    -0.47515037655830383
                ],
                [
                    -0.996094822883606,
                    -0.08625717461109161,
                    0.018834523856639862,
                    0.04211527109146118
                ],
                [
                    1.8626449271863521e-09,
                    0.213327094912529,
                    0.976980984210968,
                    2.1845955848693848
                ],
                [
                    0.0,
                    0.0,
                    0.0,
                    1.0
                ]
            ]
        },
        {
            "file_path": "train/r_18",
            "rotation": 0.06283185307179587,
            "transform_matrix": [
                [
                    0.42577889561653137,
                    0.6508521437644958,
                    -0.6285728812217712,
                    -3.3462283611297607
                ],
                [
                    -0.9048271775245667,
                    0.3062674403190613,
                    -0.2957836091518402,
                    -1.5746138095855713
                ],
                [
                    1.4901160305669237e-08,
                    0.6946883201599121,
                    0.7193108797073364,
                    3.829275131225586
                ],
                [
                    0.0,
                    0.0,
                    0.0,
                    1.0
                ]
            ],
            "transform_matrix_sun": [
                [
                    0.9866499304771423,
                    -0.14543230831623077,
                    0.07329054176807404,
                    0.16388264298439026
                ],
                [
                    0.16285595297813416,
                    0.8810901641845703,
                    -0.4440249502658844,
                    -0.9928699731826782
                ],
                [
                    0.0,
                    0.4500328302383423,
                    0.8930119872093201,
                    1.996835470199585
                ],
                [
                    0.0,
                    0.0,
                    0.0,
                    1.0
                ]
            ]
        },
        {
            "file_path": "train/r_19",
            "rotation": 0.06283185307179587,
            "transform_matrix": [
                [
                    0.42577889561653137,
                    0.6508521437644958,
                    -0.6285728812217712,
                    -3.3462283611297607
                ],
                [
                    -0.9048271775245667,
                    0.3062674403190613,
                    -0.2957836091518402,
                    -1.5746138095855713
                ],
                [
                    1.4901160305669237e-08,
                    0.6946883201599121,
                    0.7193108797073364,
                    3.829275131225586
                ],
                [
                    0.0,
                    0.0,
                    0.0,
                    1.0
                ]
            ],
            "transform_matrix_sun": [
                [
                    -0.7931718230247498,
                    0.4127514362335205,
                    -0.44778865575790405,
                    -1.0012859106063843
                ],
                [
                    -0.6089979410171509,
                    -0.5375761985778809,
                    0.5832094550132751,
                    1.304095983505249
                ],
                [
                    0.0,
                    0.7352876663208008,
                    0.6777551174163818,
                    1.5155065059661865
                ],
                [
                    0.0,
                    0.0,
                    0.0,
                    1.0
                ]
            ]
        },
        {
            "file_path": "train/r_20",
            "rotation": 0.06283185307179587,
            "transform_matrix": [
                [
                    0.42577889561653137,
                    0.6508521437644958,
                    -0.6285728812217712,
                    -3.3462283611297607
                ],
                [
                    -0.9048271775245667,
                    0.3062674403190613,
                    -0.2957836091518402,
                    -1.5746138095855713
                ],
                [
                    1.4901160305669237e-08,
                    0.6946883201599121,
                    0.7193108797073364,
                    3.829275131225586
                ],
                [
                    0.0,
                    0.0,
                    0.0,
                    1.0
                ]
            ],
            "transform_matrix_sun": [
                [
                    0.9691882729530334,
                    -0.2462177276611328,
                    0.007139991503208876,
                    0.015965506434440613
                ],
                [
                    0.24632124602794647,
                    0.9687809944152832,
                    -0.028093378990888596,
                    -0.06281870603561401
                ],
                [
                    -4.656612873077393e-10,
                    0.028987513855099678,
                    0.9995797872543335,
                    2.235128402709961
                ],
                [
                    0.0,
                    0.0,
                    0.0,
                    1.0
                ]
            ]
        },
        {
            "file_path": "train/r_21",
            "rotation": 0.06283185307179587,
            "transform_matrix": [
                [
                    0.42577889561653137,
                    0.6508521437644958,
                    -0.6285728812217712,
                    -3.3462283611297607
                ],
                [
                    -0.9048271775245667,
                    0.3062674403190613,
                    -0.2957836091518402,
                    -1.5746138095855713
                ],
                [
                    1.4901160305669237e-08,
                    0.6946883201599121,
                    0.7193108797073364,
                    3.829275131225586
                ],
                [
                    0.0,
                    0.0,
                    0.0,
                    1.0
                ]
            ],
            "transform_matrix_sun": [
                [
                    -0.13175976276397705,
                    -0.8442950248718262,
                    0.5194278955459595,
                    1.1614761352539062
                ],
                [
                    0.9912817478179932,
                    -0.11222249269485474,
                    0.06904161721467972,
                    0.15438175201416016
                ],
                [
                    0.0,
                    0.5239962339401245,
                    0.8517205119132996,
                    1.9045050144195557
                ],
                [
                    0.0,
                    0.0,
                    0.0,
                    1.0
                ]
            ]
        },
        {
            "file_path": "train/r_22",
            "rotation": 0.06283185307179587,
            "transform_matrix": [
                [
                    0.42577889561653137,
                    0.6508521437644958,
                    -0.6285728812217712,
                    -3.3462283611297607
                ],
                [
                    -0.9048271775245667,
                    0.3062674403190613,
                    -0.2957836091518402,
                    -1.5746138095855713
                ],
                [
                    1.4901160305669237e-08,
                    0.6946883201599121,
                    0.7193108797073364,
                    3.829275131225586
                ],
                [
                    0.0,
                    0.0,
                    0.0,
                    1.0
                ]
            ],
            "transform_matrix_sun": [
                [
                    0.1396551877260208,
                    0.5286734700202942,
                    -0.8372578024864197,
                    -1.8721654415130615
                ],
                [
                    -0.9902002811431885,
                    0.0745626911520958,
                    -0.11808459460735321,
                    -0.26404517889022827
                ],
                [
                    3.725290742551124e-09,
                    0.8455439805984497,
                    0.5339056849479675,
                    1.1938494443893433
                ],
                [
                    0.0,
                    0.0,
                    0.0,
                    1.0
                ]
            ]
        },
        {
            "file_path": "train/r_23",
            "rotation": 0.06283185307179587,
            "transform_matrix": [
                [
                    0.42577889561653137,
                    0.6508521437644958,
                    -0.6285728812217712,
                    -3.3462283611297607
                ],
                [
                    -0.9048271775245667,
                    0.3062674403190613,
                    -0.2957836091518402,
                    -1.5746138095855713
                ],
                [
                    1.4901160305669237e-08,
                    0.6946883201599121,
                    0.7193108797073364,
                    3.829275131225586
                ],
                [
                    0.0,
                    0.0,
                    0.0,
                    1.0
                ]
            ],
            "transform_matrix_sun": [
                [
                    -0.692107617855072,
                    0.7167937159538269,
                    -0.08481650799512863,
                    -0.18965548276901245
                ],
                [
                    -0.7217943072319031,
                    -0.6873127222061157,
                    0.08132809400558472,
                    0.18185514211654663
                ],
                [
                    0.0,
                    0.11750764399766922,
                    0.993071973323822,
                    2.220576524734497
                ],
                [
                    0.0,
                    0.0,
                    0.0,
                    1.0
                ]
            ]
        },
        {
            "file_path": "train/r_24",
