{
    "camera_angle_x": 0.6194058656692505,
    "frames": [
        {
            "file_path": "train/r_0",
            "rotation": 0.06283185307179587,
            "transform_matrix": [
                [
                    0.5761390328407288,
                    -0.5778483152389526,
                    0.5780616998672485,
                    3.3232672214508057
                ],
                [
                    0.8173518180847168,
                    0.4073165953159332,
                    -0.4074670374393463,
                    -2.3425211906433105
                ],
                [
                    1.4901161193847656e-08,
                    0.7072373032569885,
                    0.7069763541221619,
                    4.064395427703857
                ],
                [
                    0.0,
                    0.0,
                    0.0,
                    1.0
                ]
            ],
            "transform_matrix_sun": [
                [
                    -0.03558535501360893,
                    0.6212013959884644,
                    -0.7828424572944641,
                    -1.7504891157150269
                ],
                [
                    -0.9993666410446167,
                    -0.022119682282209396,
                    0.027875380590558052,
                    0.06233125180006027
                ],
                [
                    -1.862645371275562e-09,
                    0.7833386063575745,
                    0.6215950846672058,
                    1.3899290561676025
                ],
                [
                    0.0,
                    0.0,
                    0.0,
                    1.0
                ]
            ]
        },
        {
            "file_path": "train/r_1",
            "rotation": 0.06283185307179587,
            "transform_matrix": [
                [
                    0.5761390328407288,
                    -0.5778483152389526,
                    0.5780616998672485,
                    3.3232672214508057
                ],
                [
                    0.8173518180847168,
                    0.4073165953159332,
                    -0.4074670374393463,
                    -2.3425211906433105
                ],
                [
                    1.4901161193847656e-08,
                    0.7072373032569885,
                    0.7069763541221619,
                    4.064395427703857
                ],
                [
                    0.0,
                    0.0,
                    0.0,
                    1.0
                ]
            ],
            "transform_matrix_sun": [
                [
                    0.40145039558410645,
                    0.5042208433151245,
                    -0.7645906805992126,
                    -1.709676742553711
                ],
                [
                    -0.9158807992935181,
                    0.22101092338562012,
                    -0.33513668179512024,
                    -0.7493883967399597
                ],
                [
                    0.0,
                    0.8348146080970764,
                    0.5505310893058777,
                    1.231024980545044
                ],
                [
                    0.0,
                    0.0,
                    0.0,
                    1.0
                ]
            ]
        },
        {
            "file_path": "train/r_2",
            "rotation": 0.06283185307179587,
            "transform_matrix": [
                [
                    0.5761390328407288,
                    -0.5778483152389526,
                    0.5780616998672485,
                    3.3232672214508057
                ],
                [
                    0.8173518180847168,
                    0.4073165953159332,
                    -0.4074670374393463,
                    -2.3425211906433105
                ],
                [
                    1.4901161193847656e-08,
                    0.7072373032569885,
                    0.7069763541221619,
                    4.064395427703857
                ],
                [
                    0.0,
                    0.0,
                    0.0,
                    1.0
                ]
            ],
            "transform_matrix_sun": [
                [
                    -0.14398184418678284,
                    0.881177544593811,
                    -0.4503280222415924,
                    -1.006964087486267
                ],
                [
                    -0.9895803928375244,
                    -0.1282094568014145,
                    0.06552176922559738,
                    0.14651113748550415
                ],
                [
                    0.0,
                    0.45506975054740906,
                    0.8904557824134827,
                    1.9911197423934937
                ],
                [
                    0.0,
                    0.0,
                    0.0,
                    1.0
                ]
            ]
        },
        {
            "file_path": "train/r_3",
            "rotation": 0.06283185307179587,
            "transform_matrix": [
                [
                    0.5761390328407288,
                    -0.5778483152389526,
                    0.5780616998672485,
                    3.3232672214508057
                ],
                [
                    0.8173518180847168,
                    0.4073165953159332,
                    -0.4074670374393463,
                    -2.3425211906433105
                ],
                [
                    1.4901161193847656e-08,
                    0.7072373032569885,
                    0.7069763541221619,
                    4.064395427703857
                ],
                [
                    0.0,
                    0.0,
                    0.0,
                    1.0
                ]
            ],
            "transform_matrix_sun": [
                [
                    0.9537061452865601,
                    -0.19225677847862244,
                    0.2312617003917694,
                    0.517116904258728
                ],
                [
                    0.30074018239974976,
                    0.6096839904785156,
                    -0.7333762645721436,
                    -1.6398792266845703
                ],
                [
                    0.0,
                    0.7689751982688904,
                    0.6392786502838135,
                    1.4294705390930176
                ],
                [
                    0.0,
                    0.0,
                    0.0,
                    1.0
                ]
            ]
        },
        {
            "file_path": "train/r_4",
            "rotation": 0.06283185307179587,
            "transform_matrix": [
                [
                    0.5761390328407288,
                    -0.5778483152389526,
                    0.5780616998672485,
                    3.3232672214508057
                ],
                [
                    0.8173518180847168,
                    0.4073165953159332,
                    -0.4074670374393463,
                    -2.3425211906433105
                ],
                [
                    1.4901161193847656e-08,
                    0.7072373032569885,
                    0.7069763541221619,
                    4.064395427703857
                ],
                [
                    0.0,
                    0.0,
                    0.0,
                    1.0
                ]
            ],
            "transform_matrix_sun": [
                [
                    -0.021890757605433464,
                    0.927172064781189,
                    -0.3739957809448242,
                    -0.8362799882888794
                ],
                [
                    -0.9997603893280029,
                    -0.02030136249959469,
                    0.008189013227820396,
                    0.018311189487576485
                ],
                [
                    4.656612873077393e-10,
                    0.37408527731895447,
                    0.9273942708969116,
                    2.073716640472412
                ],
                [
                    0.0,
                    0.0,
                    0.0,
                    1.0
                ]
            ]
        },
        {
            "file_path": "train/r_5",
            "rotation": 0.06283185307179587,
            "transform_matrix": [
                [
                    0.5761390328407288,
                    -0.5778483152389526,
                    0.5780616998672485,
                    3.3232672214508057
                ],
                [
                    0.8173518180847168,
                    0.4073165953159332,
                    -0.4074670374393463,
                    -2.3425211906433105
                ],
                [
                    1.4901161193847656e-08,
                    0.7072373032569885,
                    0.7069763541221619,
                    4.064395427703857
                ],
                [
                    0.0,
                    0.0,
                    0.0,
                    1.0
                ]
            ],
            "transform_matrix_sun": [
                [
                    -0.4274742603302002,
                    0.46081745624542236,
                    -0.7777615785598755,
                    -1.7391277551651
                ],
                [
                    -0.9040276408195496,
                    -0.21789997816085815,
                    0.36776867508888245,
                    0.8223557472229004
                ],
                [
                    0.0,
                    0.8603295087814331,
                    0.5097382664680481,
                    1.1398093700408936
                ],
                [
                    0.0,
                    0.0,
                    0.0,
                    1.0
                ]
            ]
        },
        {
            "file_path": "train/r_6",
            "rotation": 0.06283185307179587,
            "transform_matrix": [
                [
                    0.5761390328407288,
                    -0.5778483152389526,
                    0.5780616998672485,
                    3.3232672214508057
                ],
                [
                    0.8173518180847168,
                    0.4073165953159332,
                    -0.4074670374393463,
                    -2.3425211906433105
                ],
                [
                    1.4901161193847656e-08,
                    0.7072373032569885,
                    0.7069763541221619,
                    4.064395427703857
                ],
                [
                    0.0,
                    0.0,
                    0.0,
                    1.0
                ]
            ],
            "transform_matrix_sun": [
                [
                    0.2536482512950897,
                    -0.923069179058075,
                    0.2891465127468109,
                    0.6465513706207275
                ],
                [
                    0.9672966003417969,
                    0.24205078184604645,
                    -0.07582112401723862,
                    -0.16954120993614197
                ],
                [
                    7.450582373280668e-09,
                    0.2989223599433899,
                    0.9542773365974426,
                    2.133829355239868
                ],
                [
                    0.0,
                    0.0,
                    0.0,
                    1.0
                ]
            ]
        },
        {
            "file_path": "train/r_7",
            "rotation": 0.06283185307179587,
            "transform_matrix": [
                [
                    0.5761390328407288,
                    -0.5778483152389526,
                    0.5780616998672485,
                    3.3232672214508057
                ],
                [
                    0.8173518180847168,
                    0.4073165953159332,
                    -0.4074670374393463,
                    -2.3425211906433105
                ],
                [
                    1.4901161193847656e-08,
                    0.7072373032569885,
                    0.7069763541221619,
                    4.064395427703857
                ],
                [
                    0.0,
                    0.0,
                    0.0,
                    1.0
                ]
            ],
            "transform_matrix_sun": [
                [
                    0.7265068292617798,
                    0.591951310634613,
                    -0.3489720821380615,
                    -0.7803252935409546
                ],
                [
                    -0.6871592402458191,
                    0.6258471608161926,
                    -0.36895468831062317,
                    -0.8250077962875366
                ],
                [
                    -1.4901161193847656e-08,
                    0.5078474879264832,
                    0.8614469766616821,
                    1.9262540340423584
                ],
                [
                    0.0,
                    0.0,
                    0.0,
                    1.0
                ]
            ]
        },
        {
            "file_path": "train/r_8",
            "rotation": 0.06283185307179587,
            "transform_matrix": [
                [
                    0.5761390328407288,
                    -0.5778483152389526,
                    0.5780616998672485,
                    3.3232672214508057
                ],
                [
                    0.8173518180847168,
                    0.4073165953159332,
                    -0.4074670374393463,
                    -2.3425211906433105
                ],
                [
                    1.4901161193847656e-08,
                    0.7072373032569885,
                    0.7069763541221619,
                    4.064395427703857
                ],
                [
                    0.0,
                    0.0,
                    0.0,
                    1.0
                ]
            ],
            "transform_matrix_sun": [
                [
                    0.9511750340461731,
                    0.3022599518299103,
                    -0.06248913332819939,
                    -0.13972993195056915
                ],
                [
                    -0.3086518943309784,
                    0.9314770102500916,
                    -0.19257326424121857,
                    -0.4306068420410156
                ],
                [
                    3.7252898543727042e-09,
                    0.2024582028388977,
                    0.9792909622192383,
                    2.18976092338562
                ],
                [
                    0.0,
                    0.0,
                    0.0,
                    1.0
                ]
            ]
        },
        {
            "file_path": "train/r_9",
            "rotation": 0.06283185307179587,
            "transform_matrix": [
                [
                    0.5761390328407288,
                    -0.5778483152389526,
                    0.5780616998672485,
                    3.3232672214508057
                ],
                [
                    0.8173518180847168,
                    0.4073165953159332,
                    -0.4074670374393463,
                    -2.3425211906433105
                ],
                [
                    1.4901161193847656e-08,
                    0.7072373032569885,
                    0.7069763541221619,
                    4.064395427703857
                ],
                [
                    0.0,
                    0.0,
                    0.0,
                    1.0
                ]
            ],
            "transform_matrix_sun": [
                [
                    0.07960233092308044,
                    -0.9918689727783203,
                    0.09929478913545609,
                    0.22202986478805542
                ],
                [
                    0.9968267679214478,
                    0.07920641452074051,
                    -0.007929257117211819,
                    -0.017730355262756348
                ],
                [
                    0.0,
                    0.09961086511611938,
                    0.9950265288352966,
                    2.2249467372894287
                ],
                [
                    0.0,
                    0.0,
                    0.0,
                    1.0
                ]
            ]
        },
        {
            "file_path": "train/r_10",
            "rotation": 0.06283185307179587,
            "transform_matrix": [
                [
                    0.5761390328407288,
                    -0.5778483152389526,
                    0.5780616998672485,
                    3.3232672214508057
                ],
                [
                    0.8173518180847168,
                    0.4073165953159332,
                    -0.4074670374393463,
                    -2.3425211906433105
                ],
                [
                    1.4901161193847656e-08,
                    0.7072373032569885,
                    0.7069763541221619,
                    4.064395427703857
                ],
                [
                    0.0,
                    0.0,
                    0.0,
                    1.0
                ]
            ],
            "transform_matrix_sun": [
                [
                    -0.2806012034416199,
                    0.6455125212669373,
                    -0.7103354930877686,
                    -1.5883584022521973
                ],
                [
                    -0.9598244428634644,
                    -0.18871325254440308,
                    0.20766402781009674,
                    0.4643508791923523
                ],
                [
                    0.0,
                    0.7400681972503662,
                    0.6725318431854248,
                    1.5038269758224487
                ],
                [
                    0.0,
                    0.0,
                    0.0,
                    1.0
                ]
            ]
        },
        {
            "file_path": "train/r_11",
            "rotation": 0.06283185307179587,
            "transform_matrix": [
                [
                    0.5761390328407288,
                    -0.5778483152389526,
                    0.5780616998672485,
                    3.3232672214508057
                ],
                [
                    0.8173518180847168,
                    0.4073165953159332,
                    -0.4074670374393463,
                    -2.3425211906433105
                ],
                [
                    1.4901161193847656e-08,
                    0.7072373032569885,
                    0.7069763541221619,
                    4.064395427703857
                ],
                [
                    0.0,
                    0.0,
                    0.0,
                    1.0
                ]
            ],
            "transform_matrix_sun": [
                [
                    0.9888196587562561,
                    -0.12242944538593292,
                    0.08512836694717407,
                    0.19035284221172333
                ],
                [
                    0.14911676943302155,
                    0.8118513226509094,
                    -0.5645012259483337,
                    -1.262263298034668
                ],
                [
                    -7.450580596923828e-09,
                    0.5708840489387512,
                    0.8210306763648987,
                    1.8358805179595947
                ],
                [
                    0.0,
                    0.0,
                    0.0,
                    1.0
                ]
            ]
        },
        {
            "file_path": "train/r_12",
            "rotation": 0.06283185307179587,
            "transform_matrix": [
                [
                    0.5761390328407288,
                    -0.5778483152389526,
                    0.5780616998672485,
                    3.3232672214508057
                ],
                [
                    0.8173518180847168,
                    0.4073165953159332,
                    -0.4074670374393463,
                    -2.3425211906433105
                ],
                [
                    1.4901161193847656e-08,
                    0.7072373032569885,
                    0.7069763541221619,
                    4.064395427703857
                ],
                [
                    0.0,
                    0.0,
                    0.0,
                    1.0
                ]
            ],
            "transform_matrix_sun": [
                [
                    -0.4615517854690552,
                    -0.8185741901397705,
                    0.3419153392314911,
                    0.7645458579063416
                ],
                [
                    0.8871132731437683,
                    -0.4258919060230255,
                    0.17789344489574432,
                    0.3977817893028259
                ],
                [
                    0.0,
                    0.3854248523712158,
                    0.9227393865585327,
                    2.063307762145996
                ],
                [
                    0.0,
                    0.0,
                    0.0,
                    1.0
                ]
            ]
        },
        {
            "file_path": "train/r_13",
            "rotation": 0.06283185307179587,
            "transform_matrix": [
                [
                    0.5761390328407288,
                    -0.5778483152389526,
                    0.5780616998672485,
                    3.3232672214508057
                ],
                [
                    0.8173518180847168,
                    0.4073165953159332,
                    -0.4074670374393463,
                    -2.3425211906433105
                ],
                [
                    1.4901161193847656e-08,
                    0.7072373032569885,
                    0.7069763541221619,
                    4.064395427703857
                ],
                [
                    0.0,
                    0.0,
                    0.0,
                    1.0
                ]
            ],
            "transform_matrix_sun": [
                [
                    -0.7683039903640747,
                    0.3558858633041382,
                    -0.5320285558700562,
                    -1.1896519660949707
                ],
                [
                    -0.6400852799415588,
                    -0.4271751046180725,
                    0.6386018395423889,
                    1.4279571771621704
                ],
                [
                    1.4901162970204496e-08,
                    0.8311837911605835,
                    0.5559976100921631,
                    1.243248462677002
                ],
                [
                    0.0,
                    0.0,
                    0.0,
                    1.0
                ]
            ]
        },
        {
            "file_path": "train/r_14",
            "rotation": 0.06283185307179587,
            "transform_matrix": [
                [
                    0.5761390328407288,
                    -0.5778483152389526,
                    0.5780616998672485,
                    3.3232672214508057
                ],
                [
                    0.8173518180847168,
                    0.4073165953159332,
                    -0.4074670374393463,
                    -2.3425211906433105
                ],
                [
                    1.4901161193847656e-08,
                    0.7072373032569885,
                    0.7069763541221619,
                    4.064395427703857
                ],
                [
                    0.0,
                    0.0,
                    0.0,
                    1.0
                ]
            ],
            "transform_matrix_sun": [
                [
                    -0.6007211208343506,
                    0.7824621796607971,
                    -0.16397275030612946,
                    -0.3666542172431946
                ],
                [
                    -0.7994587421417236,
                    -0.5879497528076172,
                    0.12321072816848755,
                    0.2755075693130493
                ],
                [
                    -7.450581485102248e-09,
                    0.20510470867156982,
                    0.9787400364875793,
                    2.1885292530059814
                ],
                [
                    0.0,
                    0.0,
                    0.0,
                    1.0
                ]
            ]
        },
        {
            "file_path": "train/r_15",
            "rotation": 0.06283185307179587,
            "transform_matrix": [
                [
                    0.5761390328407288,
                    -0.5778483152389526,
                    0.5780616998672485,
                    3.3232672214508057
                ],
                [
                    0.8173518180847168,
                    0.4073165953159332,
                    -0.4074670374393463,
                    -2.3425211906433105
                ],
                [
                    1.4901161193847656e-08,
                    0.7072373032569885,
                    0.7069763541221619,
                    4.064395427703857
                ],
                [
                    0.0,
                    0.0,
                    0.0,
                    1.0
                ]
            ],
            "transform_matrix_sun": [
                [
                    0.295709490776062,
                    0.9548407196998596,
                    -0.02889823354780674,
                    -0.06461840867996216
                ],
                [
                    -0.9552779197692871,
                    0.2955741286277771,
                    -0.008945544250309467,
                    -0.02000284194946289
                ],
                [
                    0.0,
                    0.030252423137426376,
                    0.9995424151420593,
                    2.235044479370117
                ],
                [
                    0.0,
                    0.0,
                    0.0,
                    1.0
                ]
            ]
        },
        {
            "file_path": "train/r_16",
            "rotation": 0.06283185307179587,
            "transform_matrix": [
                [
                    0.5761390328407288,
                    -0.5778483152389526,
                    0.5780616998672485,
                    3.3232672214508057
                ],
                [
                    0.8173518180847168,
                    0.4073165953159332,
                    -0.4074670374393463,
                    -2.3425211906433105
                ],
                [
                    1.4901161193847656e-08,
                    0.7072373032569885,
                    0.7069763541221619,
                    4.064395427703857
                ],
                [
                    0.0,
                    0.0,
                    0.0,
                    1.0
                ]
            ],
            "transform_matrix_sun": [
                [
                    0.946890115737915,
                    0.21718008816242218,
                    -0.23713290691375732,
                    -0.530245304107666
                ],
                [
                    -0.32155749201774597,
                    0.6395300030708313,
                    -0.6982850432395935,
                    -1.5614128112792969
                ],
                [
                    0.0,
                    0.7374510169029236,
                    0.6754005551338196,
                    1.5102416276931763
                ],
                [
                    0.0,
                    0.0,
                    0.0,
                    1.0
                ]
            ]
        },
        {
            "file_path": "train/r_17",
            "rotation": 0.06283185307179587,
            "transform_matrix": [
                [
                    0.5761390328407288,
                    -0.5778483152389526,
                    0.5780616998672485,
                    3.3232672214508057
                ],
                [
                    0.8173518180847168,
                    0.4073165953159332,
                    -0.4074670374393463,
                    -2.3425211906433105
                ],
                [
                    1.4901161193847656e-08,
                    0.7072373032569885,
                    0.7069763541221619,
                    4.064395427703857
                ],
                [
                    0.0,
                    0.0,
                    0.0,
                    1.0
                ]
            ],
            "transform_matrix_sun": [
                [
                    0.4358700215816498,
                    0.8960726261138916,
                    -0.08409079909324646,
                    -0.18803274631500244
                ],
                [
                    -0.9000096321105957,
                    0.4339633285999298,
                    -0.0407247394323349,
                    -0.09106329083442688
                ],
                [
                    -3.725290298461914e-09,
                    0.09343310445547104,
                    0.9956255555152893,
                    2.2262864112854004
                ],
                [
                    0.0,
                    0.0,
                    0.0,
                    1.0
                ]
            ]
        },
        {
            "file_path": "train/r_18",
            "rotation": 0.06283185307179587,
            "transform_matrix": [
                [
                    0.5761390328407288,
                    -0.5778483152389526,
                    0.5780616998672485,
                    3.3232672214508057
                ],
                [
                    0.8173518180847168,
                    0.4073165953159332,
                    -0.4074670374393463,
                    -2.3425211906433105
                ],
                [
                    1.4901161193847656e-08,
                    0.7072373032569885,
                    0.7069763541221619,
                    4.064395427703857
                ],
                [
                    0.0,
                    0.0,
                    0.0,
                    1.0
                ]
            ],
            "transform_matrix_sun": [
                [
                    0.1694421023130417,
                    0.9401728510856628,
                    -0.2955746650695801,
                    -0.660925030708313
                ],
                [
                    -0.9855401515960693,
                    0.1616421937942505,
                    -0.05081760883331299,
                    -0.11363162845373154
                ],
                [
                    0.0,
                    0.2999113202095032,
                    0.9539670944213867,
                    2.1331353187561035
                ],
                [
                    0.0,
                    0.0,
                    0.0,
                    1.0
                ]
            ]
        },
        {
            "file_path": "train/r_19",
            "rotation": 0.06283185307179587,
            "transform_matrix": [
                [
                    0.5761390328407288,
                    -0.5778483152389526,
                    0.5780616998672485,
                    3.3232672214508057
                ],
                [
                    0.8173518180847168,
                    0.4073165953159332,
                    -0.4074670374393463,
                    -2.3425211906433105
                ],
                [
                    1.4901161193847656e-08,
                    0.7072373032569885,
                    0.7069763541221619,
                    4.064395427703857
                ],
                [
                    0.0,
                    0.0,
                    0.0,
                    1.0
                ]
            ],
            "transform_matrix_sun": [
                [
                    0.2511111795902252,
                    -0.8572728633880615,
                    0.44947350025177,
                    1.0050532817840576
                ],
                [
                    0.9679583311080933,
                    0.22239677608013153,
                    -0.11660400778055191,
                    -0.260734498500824
                ],
                [
                    -7.450581485102248e-09,
                    0.4643521010875702,
                    0.885650634765625,
                    1.980375051498413
                ],
                [
                    0.0,
                    0.0,
                    0.0,
                    1.0
                ]
            ]
        },
        {
            "file_path": "train/r_20",
            "rotation": 0.06283185307179587,
            "transform_matrix": [
                [
                    0.5761390328407288,
                    -0.5778483152389526,
                    0.5780616998672485,
                    3.3232672214508057
                ],
                [
                    0.8173518180847168,
                    0.4073165953159332,
                    -0.4074670374393463,
                    -2.3425211906433105
                ],
                [
                    1.4901161193847656e-08,
                    0.7072373032569885,
                    0.7069763541221619,
                    4.064395427703857
                ],
                [
                    0.0,
                    0.0,
                    0.0,
                    1.0
                ]
            ],
            "transform_matrix_sun": [
                [
                    -0.1336715668439865,
                    0.6818088293075562,
                    -0.7192137837409973,
                    -1.6082109212875366
                ],
                [
                    -0.9910257458686829,
                    -0.0919637531042099,
                    0.09700901061296463,
                    0.2169187366962433
                ],
                [
                    0.0,
                    0.7257267236709595,
                    0.6879830956459045,
                    1.538377046585083
                ],
                [
                    0.0,
                    0.0,
                    0.0,
                    1.0
                ]
            ]
        },
        {
            "file_path": "train/r_21",
            "rotation": 0.06283185307179587,
            "transform_matrix": [
                [
                    0.5761390328407288,
                    -0.5778483152389526,
                    0.5780616998672485,
                    3.3232672214508057
                ],
                [
                    0.8173518180847168,
                    0.4073165953159332,
                    -0.4074670374393463,
                    -2.3425211906433105
                ],
                [
                    1.4901161193847656e-08,
                    0.7072373032569885,
                    0.7069763541221619,
                    4.064395427703857
                ],
                [
                    0.0,
                    0.0,
                    0.0,
                    1.0
                ]
            ],
            "transform_matrix_sun": [
                [
                    0.6543717980384827,
                    -0.7448485493659973,
                    0.13037768006324768,
                    0.29153335094451904
                ],
                [
                    0.7561729550361633,
                    0.6445719003677368,
                    -0.11282533407211304,
                    -0.2522851228713989
                ],
                [
                    0.0,
                    0.17241768538951874,
                    0.9850239157676697,
                    2.202580451965332
                ],
                [
                    0.0,
                    0.0,
                    0.0,
                    1.0
                ]
            ]
        },
        {
            "file_path": "train/r_22",
            "rotation": 0.06283185307179587,
            "transform_matrix": [
                [
                    0.5761390328407288,
                    -0.5778483152389526,
                    0.5780616998672485,
                    3.3232672214508057
                ],
                [
                    0.8173518180847168,
                    0.4073165953159332,
                    -0.4074670374393463,
                    -2.3425211906433105
                ],
                [
                    1.4901161193847656e-08,
                    0.7072373032569885,
                    0.7069763541221619,
                    4.064395427703857
                ],
                [
                    0.0,
                    0.0,
                    0.0,
                    1.0
                ]
            ],
            "transform_matrix_sun": [
                [
                    0.18052904307842255,
                    0.7562625408172607,
                    -0.6288690567016602,
                    -1.4061939716339111
                ],
                [
                    -0.9835696816444397,
                    0.138808012008667,
                    -0.11542561650276184,
                    -0.2580995261669159
                ],
                [
                    -7.450580152834618e-09,
                    0.6393741965293884,
                    0.7688957452774048,
                    1.7193031311035156
                ],
                [
                    0.0,
                    0.0,
                    0.0,
                    1.0
                ]
            ]
        },
        {
            "file_path": "train/r_23",
            "rotation": 0.06283185307179587,
            "transform_matrix": [
                [
                    0.5761390328407288,
                    -0.5778483152389526,
                    0.5780616998672485,
                    3.3232672214508057
                ],
                [
                    0.8173518180847168,
                    0.4073165953159332,
                    -0.4074670374393463,
                    -2.3425211906433105
                ],
                [
                    1.4901161193847656e-08,
                    0.7072373032569885,
                    0.7069763541221619,
                    4.064395427703857
                ],
                [
                    0.0,
                    0.0,
                    0.0,
                    1.0
                ]
            ],
            "transform_matrix_sun": [
                [
                    0.9300222396850586,
                    -0.18720519542694092,
                    0.31624841690063477,
                    0.7071529626846313
                ],
                [
                    0.3675035536289215,
                    0.47375044226646423,
                    -0.8003134727478027,
                    -1.789555311203003
                ],
                [
                    1.4901162970204496e-08,
                    0.8605316281318665,
                    0.509397029876709,
                    1.1390464305877686
                ],
                [
                    0.0,
                    0.0,
                    0.0,
                    1.0
                ]
            ]
        },
        {
            "file_path": "train/r_24",
            "rotation": 0.06283185307179587,
            "transform_matrix": [
