{
    "camera_angle_x": 0.6911112070083618,
    "frames": [
        {
            "file_path": "train/r_000",
            "rotation": 0.06283185307179587,
            "transform_matrix": [
                [
                    0.7714806199073792,
                    -0.1623663604259491,
                    0.6151868104934692,
                    2.4798972606658936
                ],
                [
                    0.6362528204917908,
                    0.19687536358833313,
                    -0.7459372878074646,
                    -3.006969451904297
                ],
                [
                    0.0,
                    0.9668905138969421,
                    0.2551915645599365,
                    1.028710126876831
                ],
                [
                    0.0,
                    0.0,
                    0.0,
                    1.0
                ]
            ],
            "transform_matrix_sun": [
                [
                    -1.0,
                    0.0,
                    0.0,
                    0.0
                ],
                [
                    0.0,
                    -0.4472135603427887,
                    0.8944271802902222,
                    2.0
                ],
                [
                    0.0,
                    0.8944271206855774,
                    0.4472135901451111,
                    1.0
                ],
                [
                    0.0,
                    0.0,
                    0.0,
                    1.0
                ]
            ]
        },
        {
            "file_path": "train/r_003",
            "rotation": 0.06283185307179587,
            "transform_matrix": [
                [
                    0.9599151611328125,
                    0.10627971589565277,
                    -0.2593597173690796,
                    -1.0455124378204346
                ],
                [
                    -0.2802906334400177,
                    0.3639775812625885,
                    -0.8882327675819397,
                    -3.580580711364746
                ],
                [
                    -7.450580596923828e-09,
                    0.9253241419792175,
                    0.3791768550872803,
                    1.5285108089447021
                ],
                [
                    0.0,
                    0.0,
                    0.0,
                    1.0
                ]
            ],
            "transform_matrix_sun": [
                [
                    -1.0,
                    0.0,
                    0.0,
                    0.0
                ],
                [
                    0.0,
                    -0.4472135603427887,
                    0.8944271802902222,
                    2.0
                ],
                [
                    0.0,
                    0.8944271206855774,
                    0.4472135901451111,
                    1.0
                ],
                [
                    0.0,
                    0.0,
                    0.0,
                    1.0
                ]
            ]
        },
        {
            "file_path": "train/r_007",
            "rotation": 0.06283185307179587,
            "transform_matrix": [
                [
                    -0.26324713230133057,
                    -0.7394534945487976,
                    0.6196044087409973,
                    2.4977049827575684
                ],
                [
                    0.9647284746170044,
                    -0.20177596807479858,
                    0.16907253861427307,
                    0.6815531253814697
                ],
                [
                    0.0,
                    0.6422577500343323,
                    0.7664888501167297,
                    3.0898149013519287
                ],
                [
                    0.0,
                    0.0,
                    0.0,
                    1.0
                ]
            ],
            "transform_matrix_sun": [
                [
                    -1.0,
                    0.0,
                    0.0,
                    0.0
                ],
                [
                    0.0,
                    -0.4472135603427887,
                    0.8944271802902222,
                    2.0
                ],
                [
                    0.0,
                    0.8944271206855774,
                    0.4472135901451111,
                    1.0
                ],
                [
                    0.0,
                    0.0,
                    0.0,
                    1.0
                ]
            ]
        },
        {
            "file_path": "train/r_010",
            "rotation": 0.06283185307179587,
            "transform_matrix": [
                [
                    -0.848896861076355,
                    0.4443560838699341,
                    -0.28621962666511536,
                    -1.1537880897521973
                ],
                [
                    -0.5285583138465881,
                    -0.7136629223823547,
                    0.45968613028526306,
                    1.8530538082122803
                ],
                [
                    0.0,
                    0.5415099263191223,
                    0.8406944274902344,
                    3.3889472484588623
                ],
                [
                    0.0,
                    0.0,
                    0.0,
                    1.0
                ]
            ],
            "transform_matrix_sun": [
                [
                    -1.0,
                    0.0,
                    0.0,
                    0.0
                ],
                [
                    0.0,
                    -0.4472135603427887,
                    0.8944271802902222,
                    2.0
                ],
                [
                    0.0,
                    0.8944271206855774,
                    0.4472135901451111,
                    1.0
                ],
                [
                    0.0,
                    0.0,
                    0.0,
                    1.0
                ]
            ]
        },
        {
            "file_path": "train/r_014",
            "rotation": 0.06283185307179587,
            "transform_matrix": [
                [
                    -0.6570166349411011,
                    0.4497174620628357,
                    -0.6050481796264648,
                    -2.4390273094177246
                ],
                [
                    -0.7538760900497437,
                    -0.39193689823150635,
                    0.5273104310035706,
                    2.1256563663482666
                ],
                [
                    1.4901161193847656e-08,
                    0.8025831580162048,
                    0.5965403318405151,
                    2.404731035232544
                ],
                [
                    0.0,
                    0.0,
                    0.0,
                    1.0
                ]
            ],
            "transform_matrix_sun": [
                [
                    -1.0,
                    0.0,
                    0.0,
                    0.0
                ],
                [
                    0.0,
                    -0.4472135603427887,
                    0.8944271802902222,
                    2.0
                ],
                [
                    0.0,
                    0.8944271206855774,
                    0.4472135901451111,
                    1.0
                ],
                [
                    0.0,
                    0.0,
                    0.0,
                    1.0
                ]
            ]
        },
        {
            "file_path": "train/r_018",
            "rotation": 0.06283185307179587,
            "transform_matrix": [
                [
                    0.8236292004585266,
                    0.541275143623352,
                    -0.1692815124988556,
                    -0.6823955774307251
                ],
                [
                    -0.5671288371086121,
                    0.7860824465751648,
                    -0.24584394693374634,
                    -0.9910286664962769
                ],
                [
                    0.0,
                    0.2984886169433594,
                    0.9544131755828857,
                    3.847362518310547
                ],
                [
                    0.0,
                    0.0,
                    0.0,
                    1.0
                ]
            ],
            "transform_matrix_sun": [
                [
                    -1.0,
                    0.0,
                    0.0,
                    0.0
                ],
                [
                    0.0,
                    -0.4472135603427887,
                    0.8944271802902222,
                    2.0
                ],
                [
                    0.0,
                    0.8944271206855774,
                    0.4472135901451111,
                    1.0
                ],
                [
                    0.0,
                    0.0,
                    0.0,
                    1.0
                ]
            ]
        },
        {
            "file_path": "train/r_021",
            "rotation": 0.06283185307179587,
            "transform_matrix": [
                [
                    -0.9372353553771973,
                    -0.20865152776241302,
                    0.27938228845596313,
                    1.1262260675430298
                ],
                [
                    0.3486974835395813,
                    -0.5608173608779907,
                    0.7509287595748901,
                    3.027090549468994
                ],
                [
                    0.0,
                    0.8012169003486633,
                    0.59837406873703,
                    2.412122964859009
                ],
                [
                    0.0,
                    0.0,
                    0.0,
                    1.0
                ]
            ],
            "transform_matrix_sun": [
                [
                    -1.0,
                    0.0,
                    0.0,
                    0.0
                ],
                [
                    0.0,
                    -0.4472135603427887,
                    0.8944271802902222,
                    2.0
                ],
                [
                    0.0,
                    0.8944271206855774,
                    0.4472135901451111,
                    1.0
                ],
                [
                    0.0,
                    0.0,
                    0.0,
                    1.0
                ]
            ]
        },
        {
            "file_path": "train/r_025",
            "rotation": 0.06283185307179587,
            "transform_matrix": [
                [
                    0.8313580751419067,
                    0.2748880982398987,
                    -0.48299089074134827,
                    -1.9469985961914062
                ],
                [
                    -0.5557370781898499,
                    0.4112204909324646,
                    -0.7225330471992493,
                    -2.912623882293701
                ],
                [
                    0.0,
                    0.8690996766090393,
                    0.49463701248168945,
                    1.993945598602295
                ],
                [
                    0.0,
                    0.0,
                    0.0,
                    1.0
                ]
            ],
            "transform_matrix_sun": [
                [
                    -1.0,
                    0.0,
                    0.0,
                    0.0
                ],
                [
                    0.0,
                    -0.4472135603427887,
                    0.8944271802902222,
                    2.0
                ],
                [
                    0.0,
                    0.8944271206855774,
                    0.4472135901451111,
                    1.0
                ],
                [
                    0.0,
                    0.0,
                    0.0,
                    1.0
                ]
            ]
        },
        {
            "file_path": "train/r_028",
            "rotation": 0.06283185307179587,
            "transform_matrix": [
                [
                    -0.6471242308616638,
                    0.6721410751342773,
                    -0.3598008155822754,
                    -1.4504034519195557
                ],
                [
                    -0.7623846530914307,
                    -0.5705240964889526,
                    0.3054047226905823,
                    1.231125831604004
                ],
                [
                    2.980232594040899e-08,
                    0.47194138169288635,
                    0.8816298842430115,
                    3.5539636611938477
                ],
                [
                    0.0,
                    0.0,
                    0.0,
                    1.0
                ]
            ],
            "transform_matrix_sun": [
                [
                    -1.0,
                    0.0,
                    0.0,
                    0.0
                ],
                [
                    0.0,
                    -0.4472135603427887,
                    0.8944271802902222,
                    2.0
                ],
                [
                    0.0,
                    0.8944271206855774,
                    0.4472135901451111,
                    1.0
                ],
                [
                    0.0,
                    0.0,
                    0.0,
                    1.0
                ]
            ]
        },
        {
            "file_path": "train/r_032",
            "rotation": 0.06283185307179587,
            "transform_matrix": [
                [
                    -0.4239552617073059,
                    -0.46896055340766907,
                    0.774814784526825,
                    3.123378276824951
                ],
                [
                    0.905683159828186,
                    -0.21952301263809204,
                    0.3626950681209564,
                    1.4620705842971802
                ],
                [
                    0.0,
                    0.8555032014846802,
                    0.517797589302063,
                    2.087308883666992
                ],
                [
                    0.0,
                    0.0,
                    0.0,
                    1.0
                ]
            ],
            "transform_matrix_sun": [
                [
                    -1.0,
                    0.0,
                    0.0,
                    0.0
                ],
                [
                    0.0,
                    -0.4472135603427887,
                    0.8944271802902222,
                    2.0
                ],
                [
                    0.0,
                    0.8944271206855774,
                    0.4472135901451111,
                    1.0
                ],
                [
                    0.0,
                    0.0,
                    0.0,
                    1.0
                ]
            ]
        },
        {
            "file_path": "train/r_036",
            "rotation": 0.06283185307179587,
            "transform_matrix": [
                [
                    -0.7944778203964233,
                    -0.582893431186676,
                    0.17041228711605072,
                    0.6869539022445679
                ],
                [
                    0.6072933077812195,
                    -0.7625572085380554,
                    0.22293804585933685,
                    0.8986920118331909
                ],
                [
                    0.0,
                    0.2806095778942108,
                    0.9598219990730286,
                    3.869166135787964
                ],
                [
                    0.0,
                    0.0,
                    0.0,
                    1.0
                ]
            ],
            "transform_matrix_sun": [
                [
                    -1.0,
                    0.0,
                    0.0,
                    0.0
                ],
                [
                    0.0,
                    -0.4472135603427887,
                    0.8944271802902222,
                    2.0
                ],
                [
                    0.0,
                    0.8944271206855774,
                    0.4472135901451111,
                    1.0
                ],
                [
                    0.0,
                    0.0,
                    0.0,
                    1.0
                ]
            ]
        },
        {
            "file_path": "train/r_039",
            "rotation": 0.06283185307179587,
            "transform_matrix": [
                [
                    0.9824752807617188,
                    0.03040292300283909,
                    -0.18389664590358734,
                    -0.7413110733032227
                ],
                [
                    -0.1863929033279419,
                    0.16025352478027344,
                    -0.9693175554275513,
                    -3.9074440002441406
                ],
                [
                    0.0,
                    0.986607551574707,
                    0.16311201453208923,
                    0.6575255393981934
                ],
                [
                    0.0,
                    0.0,
                    0.0,
                    1.0
                ]
            ],
            "transform_matrix_sun": [
                [
                    -1.0,
                    0.0,
                    0.0,
                    0.0
                ],
                [
                    0.0,
                    -0.4472135603427887,
                    0.8944271802902222,
                    2.0
                ],
                [
                    0.0,
                    0.8944271206855774,
                    0.4472135901451111,
                    1.0
                ],
                [
                    0.0,
                    0.0,
                    0.0,
                    1.0
                ]
            ]
        },
        {
            "file_path": "train/r_043",
            "rotation": 0.06283185307179587,
            "transform_matrix": [
                [
                    0.5737876296043396,
                    -0.41634419560432434,
                    0.7052838206291199,
                    2.843090057373047
                ],
                [
                    0.8190041184425354,
                    0.29168733954429626,
                    -0.4941160976886749,
                    -1.991845726966858
                ],
                [
                    0.0,
                    0.861147940158844,
                    0.5083542466163635,
                    2.049241542816162
                ],
                [
                    0.0,
                    0.0,
                    0.0,
                    1.0
                ]
            ],
            "transform_matrix_sun": [
                [
                    -1.0,
                    0.0,
                    0.0,
                    0.0
                ],
                [
                    0.0,
                    -0.4472135603427887,
                    0.8944271802902222,
                    2.0
                ],
                [
                    0.0,
                    0.8944271206855774,
                    0.4472135901451111,
                    1.0
                ],
                [
                    0.0,
                    0.0,
                    0.0,
                    1.0
                ]
            ]
        },
        {
            "file_path": "train/r_046",
            "rotation": 0.06283185307179587,
            "transform_matrix": [
                [
                    -0.9077082872390747,
                    -0.38638365268707275,
                    0.1636267751455307,
                    0.6596006155014038
                ],
                [
                    0.41960233449935913,
                    -0.8358476758003235,
                    0.35396698117256165,
                    1.4268865585327148
                ],
                [
                    0.0,
                    0.38995683193206787,
                    0.9208331108093262,
                    3.7119970321655273
                ],
                [
                    0.0,
                    0.0,
                    0.0,
                    1.0
                ]
            ],
            "transform_matrix_sun": [
                [
                    -1.0,
                    0.0,
                    0.0,
                    0.0
                ],
                [
                    0.0,
                    -0.4472135603427887,
                    0.8944271802902222,
                    2.0
                ],
                [
                    0.0,
                    0.8944271206855774,
                    0.4472135901451111,
                    1.0
                ],
                [
                    0.0,
                    0.0,
                    0.0,
                    1.0
                ]
            ]
        },
        {
            "file_path": "train/r_050",
            "rotation": 0.06283185307179587,
            "transform_matrix": [
                [
                    -0.5411481261253357,
                    0.8392851948738098,
                    -0.052525877952575684,
                    -0.21173858642578125
                ],
                [
                    -0.8409273028373718,
                    -0.5400914549827576,
                    0.03380111977458,
                    0.13625666499137878
                ],
                [
                    0.0,
                    0.06246182695031166,
                    0.998047411441803,
                    4.023257732391357
                ],
                [
                    0.0,
                    0.0,
                    0.0,
                    1.0
                ]
            ],
            "transform_matrix_sun": [
                [
                    -1.0,
                    0.0,
                    0.0,
                    0.0
                ],
                [
                    0.0,
                    -0.4472135603427887,
                    0.8944271802902222,
                    2.0
                ],
                [
                    0.0,
                    0.8944271206855774,
                    0.4472135901451111,
                    1.0
                ],
                [
                    0.0,
                    0.0,
                    0.0,
                    1.0
                ]
            ]
        },
        {
            "file_path": "train/r_054",
            "rotation": 0.06283185307179587,
            "transform_matrix": [
                [
                    0.17737449705600739,
                    -0.9186059832572937,
                    0.3531308174133301,
                    1.423516035079956
                ],
                [
                    0.9841434359550476,
                    0.16556252539157867,
                    -0.06364560127258301,
                    -0.256563663482666
                ],
                [
                    3.725290298461914e-09,
                    0.35882052779197693,
                    0.9334064722061157,
                    3.7626821994781494
                ],
                [
                    0.0,
                    0.0,
                    0.0,
                    1.0
                ]
            ],
            "transform_matrix_sun": [
                [
                    -1.0,
                    0.0,
                    0.0,
                    0.0
                ],
                [
                    0.0,
                    -0.4472135603427887,
                    0.8944271802902222,
                    2.0
                ],
                [
                    0.0,
                    0.8944271206855774,
                    0.4472135901451111,
                    1.0
                ],
                [
                    0.0,
                    0.0,
                    0.0,
                    1.0
                ]
            ]
        },
        {
            "file_path": "train/r_057",
            "rotation": 0.06283185307179587,
            "transform_matrix": [
                [
                    0.6287985444068909,
                    0.590601921081543,
                    -0.5057684183120728,
                    -2.0388176441192627
                ],
                [
                    -0.7775683403015137,
                    0.4776039123535156,
                    -0.40900132060050964,
                    -1.6487370729446411
                ],
                [
                    0.0,
                    0.6504488587379456,
                    0.7595499753952026,
                    3.0618438720703125
                ],
                [
                    0.0,
                    0.0,
                    0.0,
                    1.0
                ]
            ],
            "transform_matrix_sun": [
                [
                    -1.0,
                    0.0,
                    0.0,
                    0.0
                ],
                [
                    0.0,
                    -0.4472135603427887,
                    0.8944271802902222,
                    2.0
                ],
                [
                    0.0,
                    0.8944271206855774,
                    0.4472135901451111,
                    1.0
                ],
                [
                    0.0,
                    0.0,
                    0.0,
                    1.0
                ]
            ]
        },
        {
            "file_path": "train/r_061",
            "rotation": 0.06283185307179587,
            "transform_matrix": [
                [
                    0.9500869512557983,
                    0.16441628336906433,
                    -0.2651454210281372,
                    -1.0688352584838867
                ],
                [
                    -0.3119852542877197,
                    0.5006960034370422,
                    -0.8074458837509155,
                    -3.254918098449707
                ],
                [
                    0.0,
                    0.849865198135376,
                    0.5270001888275146,
                    2.1244053840637207
                ],
                [
                    0.0,
                    0.0,
                    0.0,
                    1.0
                ]
            ],
            "transform_matrix_sun": [
                [
                    -1.0,
                    0.0,
                    0.0,
                    0.0
                ],
                [
                    0.0,
                    -0.4472135603427887,
                    0.8944271802902222,
                    2.0
                ],
                [
                    0.0,
                    0.8944271206855774,
                    0.4472135901451111,
                    1.0
                ],
                [
                    0.0,
                    0.0,
                    0.0,
                    1.0
                ]
            ]
        },
        {
            "file_path": "train/r_064",
            "rotation": 0.06283185307179587,
            "transform_matrix": [
                [
                    -0.7436633110046387,
                    0.2579919397830963,
                    -0.6167698502540588,
                    -2.486278772354126
                ],
                [
                    -0.6685543060302734,
                    -0.2869761288166046,
                    0.6860610842704773,
                    2.7656006813049316
                ],
                [
                    0.0,
                    0.9225425720214844,
                    0.3858952522277832,
                    1.555593490600586
                ],
                [
                    0.0,
                    0.0,
                    0.0,
                    1.0
                ]
            ],
            "transform_matrix_sun": [
                [
                    -1.0,
                    0.0,
                    0.0,
                    0.0
                ],
                [
                    0.0,
                    -0.4472135603427887,
                    0.8944271802902222,
                    2.0
                ],
                [
                    0.0,
                    0.8944271206855774,
                    0.4472135901451111,
                    1.0
                ],
                [
                    0.0,
                    0.0,
                    0.0,
                    1.0
                ]
            ]
        },
        {
            "file_path": "train/r_068",
            "rotation": 0.06283185307179587,
            "transform_matrix": [
                [
                    0.7936052680015564,
                    -0.5728317499160767,
                    0.20507191121578217,
                    0.826671302318573
                ],
                [
                    0.6084330081939697,
                    0.747169017791748,
                    -0.2674840986728668,
                    -1.0782629251480103
                ],
                [
                    0.0,
                    0.3370492458343506,
                    0.9414870142936707,
                    3.795255661010742
                ],
                [
                    0.0,
                    0.0,
                    0.0,
                    1.0
                ]
            ],
            "transform_matrix_sun": [
                [
                    -1.0,
                    0.0,
                    0.0,
                    0.0
                ],
                [
                    0.0,
                    -0.4472135603427887,
                    0.8944271802902222,
                    2.0
                ],
                [
                    0.0,
                    0.8944271206855774,
                    0.4472135901451111,
                    1.0
                ],
                [
                    0.0,
                    0.0,
                    0.0,
                    1.0
                ]
            ]
        },
        {
            "file_path": "train/r_072",
            "rotation": 0.06283185307179587,
            "transform_matrix": [
                [
                    -0.974150538444519,
                    0.16921836137771606,
                    -0.1496528536081314,
                    -0.6032699346542358
                ],
                [
                    -0.2259000688791275,
                    -0.7297216057777405,
                    0.6453490853309631,
                    2.60148549079895
                ],
                [
                    0.0,
                    0.6624737977981567,
                    0.7490850687026978,
                    3.0196585655212402
                ],
                [
                    0.0,
                    0.0,
                    0.0,
                    1.0
                ]
            ],
            "transform_matrix_sun": [
                [
                    -1.0,
                    0.0,
                    0.0,
                    0.0
                ],
                [
                    0.0,
                    -0.4472135603427887,
                    0.8944271802902222,
                    2.0
                ],
                [
                    0.0,
                    0.8944271206855774,
                    0.4472135901451111,
                    1.0
                ],
                [
                    0.0,
                    0.0,
                    0.0,
                    1.0
                ]
            ]
        },
        {
            "file_path": "train/r_075",
            "rotation": 0.06283185307179587,
            "transform_matrix": [
                [
                    0.8063544034957886,
                    -0.5002883672714233,
                    0.315442830324173,
                    1.2715908288955688
                ],
                [
                    0.5914327502250671,
                    0.6820888519287109,
                    -0.43007203936576843,
                    -1.7336759567260742
                ],
                [
                    0.0,
                    0.5333537459373474,
                    0.8458922505378723,
                    3.4099009037017822
                ],
                [
                    0.0,
                    0.0,
                    0.0,
                    1.0
                ]
            ],
            "transform_matrix_sun": [
                [
                    -1.0,
                    0.0,
                    0.0,
                    0.0
                ],
                [
                    0.0,
                    -0.4472135603427887,
                    0.8944271802902222,
                    2.0
                ],
                [
                    0.0,
                    0.8944271206855774,
                    0.4472135901451111,
                    1.0
                ],
                [
                    0.0,
                    0.0,
                    0.0,
                    1.0
                ]
            ]
        },
        {
            "file_path": "train/r_079",
            "rotation": 0.06283185307179587,
            "transform_matrix": [
                [
                    0.965076208114624,
                    0.2550801634788513,
                    -0.05968306213617325,
                    -0.24059012532234192
                ],
                [
                    -0.26196935772895813,
                    0.9396969079971313,
                    -0.21986809372901917,
                    -0.8863166570663452
                ],
                [
                    0.0,
                    0.22782449424266815,
                    0.9737021327018738,
                    3.925118923187256
                ],
                [
                    0.0,
                    0.0,
                    0.0,
                    1.0
                ]
            ],
            "transform_matrix_sun": [
                [
                    -1.0,
                    0.0,
                    0.0,
                    0.0
                ],
                [
                    0.0,
                    -0.4472135603427887,
                    0.8944271802902222,
                    2.0
                ],
                [
                    0.0,
                    0.8944271206855774,
                    0.4472135901451111,
                    1.0
                ],
                [
                    0.0,
                    0.0,
                    0.0,
                    1.0
                ]
            ]
        },
        {
            "file_path": "train/r_082",
            "rotation": 0.06283185307179587,
            "transform_matrix": [
                [
                    0.9554097056388855,
                    -0.042092178016901016,
                    0.29226788878440857,
                    1.1781694889068604
                ],
                [
                    0.29528334736824036,
                    0.13619214296340942,
                    -0.945652961730957,
                    -3.81204891204834
                ],
                [
                    3.725290076417309e-09,
                    0.9897878766059875,
                    0.14254842698574066,
                    0.5746310949325562
                ],
                [
                    0.0,
                    0.0,
                    0.0,
                    1.0
                ]
            ],
            "transform_matrix_sun": [
                [
                    -1.0,
                    0.0,
                    0.0,
                    0.0
                ],
                [
                    0.0,
                    -0.4472135603427887,
                    0.8944271802902222,
                    2.0
                ],
                [
                    0.0,
                    0.8944271206855774,
                    0.4472135901451111,
                    1.0
                ],
                [
                    0.0,
                    0.0,
                    0.0,
                    1.0
                ]
            ]
        },
        {
            "file_path": "train/r_086",
            "rotation": 0.06283185307179587,
            "transform_matrix": [
                [
                    -0.9709789156913757,
                    0.05976615846157074,
                    -0.23157735168933868,
                    -0.9335181713104248
                ],
                [
                    -0.23916536569595337,
                    -0.24264249205589294,
                    0.9401726126670837,
                    3.789957046508789
                ],
                [
                    0.0,
                    0.9682730436325073,
                    0.24989472329616547,
                    1.0073578357696533
                ],
                [
                    0.0,
                    0.0,
                    0.0,
                    1.0
                ]
            ],
            "transform_matrix_sun": [
                [
                    -1.0,
                    0.0,
                    0.0,
                    0.0
                ],
                [
                    0.0,
                    -0.4472135603427887,
                    0.8944271802902222,
                    2.0
                ],
                [
                    0.0,
                    0.8944271206855774,
                    0.4472135901451111,
                    1.0
                ],
                [
                    0.0,
                    0.0,
                    0.0,
                    1.0
                ]
            ]
        },
        {
            "file_path": "train/r_090",
            "rotation": 0.06283185307179587,
            "transform_matrix": [
                [
                    -0.23709702491760254,
                    -0.9012872576713562,
                    0.36258283257484436,
                    1.4616183042526245
                ],
                [
                    0.9714860320091248,
                    -0.21996457874774933,
                    0.08849052339792252,
                    0.35671675205230713
                ],
                [
                    0.0,
                    0.3732249438762665,
                    0.927740752696991,
                    3.7398428916931152
                ],
                [
                    0.0,
                    0.0,
                    0.0,
                    1.0
                ]
            ],
            "transform_matrix_sun": [
                [
                    -1.0,
                    0.0,
                    0.0,
                    0.0
                ],
                [
                    0.0,
                    -0.4472135603427887,
                    0.8944271802902222,
                    2.0
                ],
                [
                    0.0,
                    0.8944271206855774,
                    0.4472135901451111,
                    1.0
                ],
                [
                    0.0,
                    0.0,
                    0.0,
                    1.0
                ]
            ]
        },
        {
            "file_path": "train/r_093",
            "rotation": 0.06283185307179587,
            "transform_matrix": [
                [
                    -0.9945217967033386,
