{
    "camera_angle_x": 0.6911112070083618,
    "frames": [
        {
            "file_path": "train/r_0",
            "rotation": 0.06283185307179587,
            "transform_matrix": [
                [
                    0.9151338338851929,
                    0.29004591703414917,
                    -0.2800060212612152,
                    -1.3373768329620361
                ],
                [
                    -0.4031500816345215,
                    0.6583921313285828,
                    -0.6356019377708435,
                    -3.0357894897460938
                ],
                [
                    1.4901159417490817e-08,
                    0.6945452094078064,
                    0.719448983669281,
                    3.4362633228302
                ],
                [
                    0.0,
                    0.0,
                    0.0,
                    1.0
                ]
            ],
            "transform_matrix_sun": [
                [
                    -0.22871892154216766,
                    0.6511379480361938,
                    -0.7236760258674622,
                    -1.6181889772415161
                ],
                [
                    -0.9734925627708435,
                    -0.15298274159431458,
                    0.17002533376216888,
                    0.3801882266998291
                ],
                [
                    7.450580596923828e-09,
                    0.7433812618255615,
                    0.668867826461792,
                    1.4956340789794922
                ],
                [
                    0.0,
                    0.0,
                    0.0,
                    1.0
                ]
            ]
        },
        {
            "file_path": "train/r_1",
            "rotation": 0.06283185307179587,
            "transform_matrix": [
                [
                    0.9151338338851929,
                    0.29004591703414917,
                    -0.2800060212612152,
                    -1.3373768329620361
                ],
                [
                    -0.4031500816345215,
                    0.6583921313285828,
                    -0.6356019377708435,
                    -3.0357894897460938
                ],
                [
                    1.4901159417490817e-08,
                    0.6945452094078064,
                    0.719448983669281,
                    3.4362633228302
                ],
                [
                    0.0,
                    0.0,
                    0.0,
                    1.0
                ]
            ],
            "transform_matrix_sun": [
                [
                    -0.9998931288719177,
                    -0.006794200744479895,
                    0.01294710487127304,
                    0.028950607404112816
                ],
                [
                    0.014621514827013016,
                    -0.46462181210517883,
                    0.8853884935379028,
                    1.979788899421692
                ],
                [
                    4.656613428188905e-10,
                    0.8854830861091614,
                    0.46467146277427673,
                    1.0390369892120361
                ],
                [
                    0.0,
                    0.0,
                    0.0,
                    1.0
                ]
            ]
        },
        {
            "file_path": "train/r_2",
            "rotation": 0.06283185307179587,
            "transform_matrix": [
                [
                    0.9151338338851929,
                    0.29004591703414917,
                    -0.2800060212612152,
                    -1.3373768329620361
                ],
                [
                    -0.4031500816345215,
                    0.6583921313285828,
                    -0.6356019377708435,
                    -3.0357894897460938
                ],
                [
                    1.4901159417490817e-08,
                    0.6945452094078064,
                    0.719448983669281,
                    3.4362633228302
                ],
                [
                    0.0,
                    0.0,
                    0.0,
                    1.0
                ]
            ],
            "transform_matrix_sun": [
                [
                    0.5973636507987976,
                    -0.7042421102523804,
                    0.3836662173271179,
                    0.8579038381576538
                ],
                [
                    0.8019704818725586,
                    0.5245686769485474,
                    -0.2857813835144043,
                    -0.6390267014503479
                ],
                [
                    0.0,
                    0.4784044623374939,
                    0.8781395554542542,
                    1.9635798931121826
                ],
                [
                    0.0,
                    0.0,
                    0.0,
                    1.0
                ]
            ]
        },
        {
            "file_path": "train/r_3",
            "rotation": 0.06283185307179587,
            "transform_matrix": [
                [
                    0.9151338338851929,
                    0.29004591703414917,
                    -0.2800060212612152,
                    -1.3373768329620361
                ],
                [
                    -0.4031500816345215,
                    0.6583921313285828,
                    -0.6356019377708435,
                    -3.0357894897460938
                ],
                [
                    1.4901159417490817e-08,
                    0.6945452094078064,
                    0.719448983669281,
                    3.4362633228302
                ],
                [
                    0.0,
                    0.0,
                    0.0,
                    1.0
                ]
            ],
            "transform_matrix_sun": [
                [
                    0.8455250859260559,
                    -0.23908796906471252,
                    0.4774141013622284,
                    1.0675303936004639
                ],
                [
                    0.5339356660842896,
                    0.37861278653144836,
                    -0.7560191750526428,
                    -1.6905102729797363
                ],
                [
                    0.0,
                    0.8941415548324585,
                    0.4477842450141907,
                    1.0012760162353516
                ],
                [
                    0.0,
                    0.0,
                    0.0,
                    1.0
                ]
            ]
        },
        {
            "file_path": "train/r_4",
            "rotation": 0.06283185307179587,
            "transform_matrix": [
                [
                    0.9151338338851929,
                    0.29004591703414917,
                    -0.2800060212612152,
                    -1.3373768329620361
                ],
                [
                    -0.4031500816345215,
                    0.6583921313285828,
                    -0.6356019377708435,
                    -3.0357894897460938
                ],
                [
                    1.4901159417490817e-08,
                    0.6945452094078064,
                    0.719448983669281,
                    3.4362633228302
                ],
                [
                    0.0,
                    0.0,
                    0.0,
                    1.0
                ]
            ],
            "transform_matrix_sun": [
                [
                    0.013900775462388992,
                    -0.7688261866569519,
                    0.6393067240715027,
                    1.4295333623886108
                ],
                [
                    0.9999034404754639,
                    0.010688312351703644,
                    -0.008887717500329018,
                    -0.019873540848493576
                ],
                [
                    0.0,
                    0.63936847448349,
                    0.7689003944396973,
                    1.719313621520996
                ],
                [
                    0.0,
                    0.0,
                    0.0,
                    1.0
                ]
            ]
        },
        {
            "file_path": "train/r_5",
            "rotation": 0.06283185307179587,
            "transform_matrix": [
                [
                    0.9151338338851929,
                    0.29004591703414917,
                    -0.2800060212612152,
                    -1.3373768329620361
                ],
                [
                    -0.4031500816345215,
                    0.6583921313285828,
                    -0.6356019377708435,
                    -3.0357894897460938
                ],
                [
                    1.4901159417490817e-08,
                    0.6945452094078064,
                    0.719448983669281,
                    3.4362633228302
                ],
                [
                    0.0,
                    0.0,
                    0.0,
                    1.0
                ]
            ],
            "transform_matrix_sun": [
                [
                    0.38535821437835693,
                    -0.8206695318222046,
                    0.4219011068344116,
                    0.9433995485305786
                ],
                [
                    0.9227670431137085,
                    0.3427211046218872,
                    -0.1761907935142517,
                    -0.3939746022224426
                ],
                [
                    0.0,
                    0.45721301436424255,
                    0.8893572092056274,
                    1.9886631965637207
                ],
                [
                    0.0,
                    0.0,
                    0.0,
                    1.0
                ]
            ]
        },
        {
            "file_path": "train/r_6",
            "rotation": 0.06283185307179587,
            "transform_matrix": [
                [
                    0.9151338338851929,
                    0.29004591703414917,
                    -0.2800060212612152,
                    -1.3373768329620361
                ],
                [
                    -0.4031500816345215,
                    0.6583921313285828,
                    -0.6356019377708435,
                    -3.0357894897460938
                ],
                [
                    1.4901159417490817e-08,
                    0.6945452094078064,
                    0.719448983669281,
                    3.4362633228302
                ],
                [
                    0.0,
                    0.0,
                    0.0,
                    1.0
                ]
            ],
            "transform_matrix_sun": [
                [
                    -0.7554777264595032,
                    0.6550595760345459,
                    -0.012261870317161083,
                    -0.02741837501525879
                ],
                [
                    -0.6551743149757385,
                    -0.7553454041481018,
                    0.014139092527329922,
                    0.0316159725189209
                ],
                [
                    9.313225746154785e-10,
                    0.01871698722243309,
                    0.9998248219490051,
                    2.2356762886047363
                ],
                [
                    0.0,
                    0.0,
                    0.0,
                    1.0
                ]
            ]
        },
        {
            "file_path": "train/r_7",
            "rotation": 0.06283185307179587,
            "transform_matrix": [
                [
                    0.9151338338851929,
                    0.29004591703414917,
                    -0.2800060212612152,
                    -1.3373768329620361
                ],
                [
                    -0.4031500816345215,
                    0.6583921313285828,
                    -0.6356019377708435,
                    -3.0357894897460938
                ],
                [
                    1.4901159417490817e-08,
                    0.6945452094078064,
                    0.719448983669281,
                    3.4362633228302
                ],
                [
                    0.0,
                    0.0,
                    0.0,
                    1.0
                ]
            ],
            "transform_matrix_sun": [
                [
                    -0.8180591464042664,
                    -0.37356501817703247,
                    0.43729668855667114,
                    0.9778251051902771
                ],
                [
                    0.5751340985298157,
                    -0.5313513875007629,
                    0.6220020055770874,
                    1.3908387422561646
                ],
                [
                    1.4901161193847656e-08,
                    0.7603386640548706,
                    0.649526834487915,
                    1.4523861408233643
                ],
                [
                    0.0,
                    0.0,
                    0.0,
                    1.0
                ]
            ]
        },
        {
            "file_path": "train/r_8",
            "rotation": 0.06283185307179587,
            "transform_matrix": [
                [
                    0.9151338338851929,
                    0.29004591703414917,
                    -0.2800060212612152,
                    -1.3373768329620361
                ],
                [
                    -0.4031500816345215,
                    0.6583921313285828,
                    -0.6356019377708435,
                    -3.0357894897460938
                ],
                [
                    1.4901159417490817e-08,
                    0.6945452094078064,
                    0.719448983669281,
                    3.4362633228302
                ],
                [
                    0.0,
                    0.0,
                    0.0,
                    1.0
                ]
            ],
            "transform_matrix_sun": [
                [
                    0.23225164413452148,
                    0.9716425538063049,
                    -0.04438406974077225,
                    -0.09924578666687012
                ],
                [
                    -0.972655713558197,
                    0.23200972378253937,
                    -0.010598069988191128,
                    -0.023698002099990845
                ],
                [
                    0.0,
                    0.0456310510635376,
                    0.99895840883255,
                    2.233738660812378
                ],
                [
                    0.0,
                    0.0,
                    0.0,
                    1.0
                ]
            ]
        },
        {
            "file_path": "train/r_9",
            "rotation": 0.06283185307179587,
            "transform_matrix": [
                [
                    0.9151338338851929,
                    0.29004591703414917,
                    -0.2800060212612152,
                    -1.3373768329620361
                ],
                [
                    -0.4031500816345215,
                    0.6583921313285828,
                    -0.6356019377708435,
                    -3.0357894897460938
                ],
                [
                    1.4901159417490817e-08,
                    0.6945452094078064,
                    0.719448983669281,
                    3.4362633228302
                ],
                [
                    0.0,
                    0.0,
                    0.0,
                    1.0
                ]
            ],
            "transform_matrix_sun": [
                [
                    0.9551816582679749,
                    0.285218745470047,
                    -0.07923458516597748,
                    -0.177173912525177
                ],
                [
                    -0.296019971370697,
                    0.9203288555145264,
                    -0.2556699812412262,
                    -0.5716954469680786
                ],
                [
                    0.0,
                    0.2676663398742676,
                    0.9635116457939148,
                    2.154477596282959
                ],
                [
                    0.0,
                    0.0,
                    0.0,
                    1.0
                ]
            ]
        },
        {
            "file_path": "train/r_10",
            "rotation": 0.06283185307179587,
            "transform_matrix": [
                [
                    0.9151338338851929,
                    0.29004591703414917,
                    -0.2800060212612152,
                    -1.3373768329620361
                ],
                [
                    -0.4031500816345215,
                    0.6583921313285828,
                    -0.6356019377708435,
                    -3.0357894897460938
                ],
                [
                    1.4901159417490817e-08,
                    0.6945452094078064,
                    0.719448983669281,
                    3.4362633228302
                ],
                [
                    0.0,
                    0.0,
                    0.0,
                    1.0
                ]
            ],
            "transform_matrix_sun": [
                [
                    0.6069974899291992,
                    -0.44415318965911865,
                    0.6590007543563843,
                    1.473570466041565
                ],
                [
                    0.7947037220001221,
                    0.3392457664012909,
                    -0.5033470988273621,
                    -1.1255183219909668
                ],
                [
                    1.4901161193847656e-08,
                    0.8292407393455505,
                    0.5588915348052979,
                    1.249719500541687
                ],
                [
                    0.0,
                    0.0,
                    0.0,
                    1.0
                ]
            ]
        },
        {
            "file_path": "train/r_11",
            "rotation": 0.06283185307179587,
            "transform_matrix": [
                [
                    0.9151338338851929,
                    0.29004591703414917,
                    -0.2800060212612152,
                    -1.3373768329620361
                ],
                [
                    -0.4031500816345215,
                    0.6583921313285828,
                    -0.6356019377708435,
                    -3.0357894897460938
                ],
                [
                    1.4901159417490817e-08,
                    0.6945452094078064,
                    0.719448983669281,
                    3.4362633228302
                ],
                [
                    0.0,
                    0.0,
                    0.0,
                    1.0
                ]
            ],
            "transform_matrix_sun": [
                [
                    -0.7880082130432129,
                    0.5621658563613892,
                    -0.25102320313453674,
                    -0.5613049268722534
                ],
                [
                    -0.6156647801399231,
                    -0.7195332646369934,
                    0.3212922513484955,
                    0.7184313535690308
                ],
                [
                    0.0,
                    0.4077272117137909,
                    0.9131038784980774,
                    2.041762351989746
                ],
                [
                    0.0,
                    0.0,
                    0.0,
                    1.0
                ]
            ]
        },
        {
            "file_path": "train/r_12",
            "rotation": 0.06283185307179587,
            "transform_matrix": [
                [
                    0.9151338338851929,
                    0.29004591703414917,
                    -0.2800060212612152,
                    -1.3373768329620361
                ],
                [
                    -0.4031500816345215,
                    0.6583921313285828,
                    -0.6356019377708435,
                    -3.0357894897460938
                ],
                [
                    1.4901159417490817e-08,
                    0.6945452094078064,
                    0.719448983669281,
                    3.4362633228302
                ],
                [
                    0.0,
                    0.0,
                    0.0,
                    1.0
                ]
            ],
            "transform_matrix_sun": [
                [
                    0.9489203691482544,
                    0.27364787459373474,
                    -0.15705722570419312,
                    -0.3511906862258911
                ],
                [
                    -0.3155156373977661,
                    0.8230020999908447,
                    -0.47235316038131714,
                    -1.0562138557434082
                ],
                [
                    -1.4901161193847656e-08,
                    0.49777951836586,
                    0.8673034310340881,
                    1.93934965133667
                ],
                [
                    0.0,
                    0.0,
                    0.0,
                    1.0
                ]
            ]
        },
        {
            "file_path": "train/r_13",
            "rotation": 0.06283185307179587,
            "transform_matrix": [
                [
                    0.9151338338851929,
                    0.29004591703414917,
                    -0.2800060212612152,
                    -1.3373768329620361
                ],
                [
                    -0.4031500816345215,
                    0.6583921313285828,
                    -0.6356019377708435,
                    -3.0357894897460938
                ],
                [
                    1.4901159417490817e-08,
                    0.6945452094078064,
                    0.719448983669281,
                    3.4362633228302
                ],
                [
                    0.0,
                    0.0,
                    0.0,
                    1.0
                ]
            ],
            "transform_matrix_sun": [
                [
                    0.4985913634300232,
                    -0.8658326864242554,
                    0.041718676686286926,
                    0.09328579902648926
                ],
                [
                    0.866837203502655,
                    0.49801355600357056,
                    -0.023995937779545784,
                    -0.053656548261642456
                ],
                [
                    0.0,
                    0.048128366470336914,
                    0.9988412261009216,
                    2.2334768772125244
                ],
                [
                    0.0,
                    0.0,
                    0.0,
                    1.0
                ]
            ]
        },
        {
            "file_path": "train/r_14",
            "rotation": 0.06283185307179587,
            "transform_matrix": [
                [
                    0.9151338338851929,
                    0.29004591703414917,
                    -0.2800060212612152,
                    -1.3373768329620361
                ],
                [
                    -0.4031500816345215,
                    0.6583921313285828,
                    -0.6356019377708435,
                    -3.0357894897460938
                ],
                [
                    1.4901159417490817e-08,
                    0.6945452094078064,
                    0.719448983669281,
                    3.4362633228302
                ],
                [
                    0.0,
                    0.0,
                    0.0,
                    1.0
                ]
            ],
            "transform_matrix_sun": [
                [
                    0.36153751611709595,
                    0.9035245776176453,
                    -0.23007407784461975,
                    -0.5144612789154053
                ],
                [
                    -0.9323576092720032,
                    0.3503570258617401,
                    -0.08921513706445694,
                    -0.19949111342430115
                ],
                [
                    0.0,
                    0.24676591157913208,
                    0.969075083732605,
                    2.1669178009033203
                ],
                [
                    0.0,
                    0.0,
                    0.0,
                    1.0
                ]
            ]
        },
        {
            "file_path": "train/r_15",
            "rotation": 0.06283185307179587,
            "transform_matrix": [
                [
                    0.9151338338851929,
                    0.29004591703414917,
                    -0.2800060212612152,
                    -1.3373768329620361
                ],
                [
                    -0.4031500816345215,
                    0.6583921313285828,
                    -0.6356019377708435,
                    -3.0357894897460938
                ],
                [
                    1.4901159417490817e-08,
                    0.6945452094078064,
                    0.719448983669281,
                    3.4362633228302
                ],
                [
                    0.0,
                    0.0,
                    0.0,
                    1.0
                ]
            ],
            "transform_matrix_sun": [
                [
                    -0.9047982692718506,
                    -0.21625688672065735,
                    0.366842120885849,
                    0.8202839493751526
                ],
                [
                    0.4258405864238739,
                    -0.45948851108551025,
                    0.7794421911239624,
                    1.742885708808899
                ],
                [
                    0.0,
                    0.8614541888237,
                    0.507835328578949,
                    1.135554313659668
                ],
                [
                    0.0,
                    0.0,
                    0.0,
                    1.0
                ]
            ]
        },
        {
            "file_path": "train/r_16",
            "rotation": 0.06283185307179587,
            "transform_matrix": [
                [
                    0.9151338338851929,
                    0.29004591703414917,
                    -0.2800060212612152,
                    -1.3373768329620361
                ],
                [
                    -0.4031500816345215,
                    0.6583921313285828,
                    -0.6356019377708435,
                    -3.0357894897460938
                ],
                [
                    1.4901159417490817e-08,
                    0.6945452094078064,
                    0.719448983669281,
                    3.4362633228302
                ],
                [
                    0.0,
                    0.0,
                    0.0,
                    1.0
                ]
            ],
            "transform_matrix_sun": [
                [
                    -0.9951311349868774,
                    -0.09647055715322495,
                    0.02018764615058899,
                    0.04514095559716225
                ],
                [
                    0.09856019169092178,
                    -0.9740327596664429,
                    0.20382829010486603,
                    0.4557739496231079
                ],
                [
                    0.0,
                    0.2048254907131195,
                    0.9787983894348145,
                    2.188659906387329
                ],
                [
                    0.0,
                    0.0,
                    0.0,
                    1.0
                ]
            ]
        },
        {
            "file_path": "train/r_17",
            "rotation": 0.06283185307179587,
            "transform_matrix": [
                [
                    0.9151338338851929,
                    0.29004591703414917,
                    -0.2800060212612152,
                    -1.3373768329620361
                ],
                [
                    -0.4031500816345215,
                    0.6583921313285828,
                    -0.6356019377708435,
                    -3.0357894897460938
                ],
                [
                    1.4901159417490817e-08,
                    0.6945452094078064,
                    0.719448983669281,
                    3.4362633228302
                ],
                [
                    0.0,
                    0.0,
                    0.0,
                    1.0
                ]
            ],
            "transform_matrix_sun": [
                [
                    -0.9508172273635864,
                    0.3076719343662262,
                    -0.03583935648202896,
                    -0.08013924956321716
                ],
                [
                    -0.3097522258758545,
                    -0.944431483745575,
                    0.11001268774271011,
                    0.2459958791732788
                ],
                [
                    0.0,
                    0.11570338904857635,
                    0.993283748626709,
                    2.221050262451172
                ],
                [
                    0.0,
                    0.0,
                    0.0,
                    1.0
                ]
            ]
        },
        {
            "file_path": "train/r_18",
            "rotation": 0.06283185307179587,
            "transform_matrix": [
                [
                    0.9151338338851929,
                    0.29004591703414917,
                    -0.2800060212612152,
                    -1.3373768329620361
                ],
                [
                    -0.4031500816345215,
                    0.6583921313285828,
                    -0.6356019377708435,
                    -3.0357894897460938
                ],
                [
                    1.4901159417490817e-08,
                    0.6945452094078064,
                    0.719448983669281,
                    3.4362633228302
                ],
                [
                    0.0,
                    0.0,
                    0.0,
                    1.0
                ]
            ],
            "transform_matrix_sun": [
                [
                    -0.9798507690429688,
                    -0.14118804037570953,
                    0.1412743628025055,
                    0.3158991038799286
                ],
                [
                    0.19973111152648926,
                    -0.6926473379135132,
                    0.6930707693099976,
                    1.5497535467147827
                ],
                [
                    1.4901161193847656e-08,
                    0.707322895526886,
                    0.7068905830383301,
                    1.580655574798584
                ],
                [
                    0.0,
                    0.0,
                    0.0,
                    1.0
                ]
            ]
        },
        {
            "file_path": "train/r_19",
            "rotation": 0.06283185307179587,
            "transform_matrix": [
                [
                    0.9151338338851929,
                    0.29004591703414917,
                    -0.2800060212612152,
                    -1.3373768329620361
                ],
                [
                    -0.4031500816345215,
                    0.6583921313285828,
                    -0.6356019377708435,
                    -3.0357894897460938
                ],
                [
                    1.4901159417490817e-08,
                    0.6945452094078064,
                    0.719448983669281,
                    3.4362633228302
                ],
                [
                    0.0,
                    0.0,
                    0.0,
                    1.0
                ]
            ],
            "transform_matrix_sun": [
                [
                    -0.5956259369850159,
                    0.5933464765548706,
                    -0.5414515137672424,
                    -1.2107222080230713
                ],
                [
                    -0.8032619953155518,
                    -0.4399716854095459,
                    0.4014911353588104,
                    0.897761344909668
                ],
                [
                    2.9802322387695312e-08,
                    0.6740657687187195,
                    0.7386713027954102,
                    1.651719093322754
                ],
                [
                    0.0,
                    0.0,
                    0.0,
                    1.0
                ]
            ]
        },
        {
            "file_path": "train/r_20",
            "rotation": 0.06283185307179587,
            "transform_matrix": [
                [
                    0.9151338338851929,
                    0.29004591703414917,
                    -0.2800060212612152,
                    -1.3373768329620361
                ],
                [
                    -0.4031500816345215,
                    0.6583921313285828,
                    -0.6356019377708435,
                    -3.0357894897460938
                ],
                [
                    1.4901159417490817e-08,
                    0.6945452094078064,
                    0.719448983669281,
                    3.4362633228302
                ],
                [
                    0.0,
                    0.0,
                    0.0,
                    1.0
                ]
            ],
            "transform_matrix_sun": [
                [
                    -0.9642688632011414,
                    -0.25230342149734497,
                    0.08079969882965088,
                    0.18067362904548645
                ],
                [
                    0.26492565870285034,
                    -0.9183267951011658,
                    0.29409241676330566,
                    0.6576106548309326
                ],
                [
                    0.0,
                    0.30498990416526794,
                    0.9523555636405945,
                    2.1295318603515625
                ],
                [
                    0.0,
                    0.0,
                    0.0,
                    1.0
                ]
            ]
        },
        {
            "file_path": "train/r_21",
            "rotation": 0.06283185307179587,
            "transform_matrix": [
                [
                    0.9151338338851929,
                    0.29004591703414917,
                    -0.2800060212612152,
                    -1.3373768329620361
                ],
                [
                    -0.4031500816345215,
                    0.6583921313285828,
                    -0.6356019377708435,
                    -3.0357894897460938
                ],
                [
                    1.4901159417490817e-08,
                    0.6945452094078064,
                    0.719448983669281,
                    3.4362633228302
                ],
                [
                    0.0,
                    0.0,
                    0.0,
                    1.0
                ]
            ],
            "transform_matrix_sun": [
                [
                    0.9584800004959106,
                    0.27414870262145996,
                    -0.0784764438867569,
                    -0.17547863721847534
                ],
                [
                    -0.285159707069397,
                    0.9214697480201721,
                    -0.2637753486633301,
                    -0.5898195505142212
                ],
                [
                    0.0,
                    0.2752017378807068,
                    0.9613865613937378,
                    2.1497254371643066
                ],
                [
                    0.0,
                    0.0,
                    0.0,
                    1.0
                ]
            ]
        },
        {
            "file_path": "train/r_22",
            "rotation": 0.06283185307179587,
            "transform_matrix": [
                [
                    0.9151338338851929,
                    0.29004591703414917,
                    -0.2800060212612152,
                    -1.3373768329620361
                ],
                [
                    -0.4031500816345215,
                    0.6583921313285828,
                    -0.6356019377708435,
                    -3.0357894897460938
                ],
                [
                    1.4901159417490817e-08,
                    0.6945452094078064,
                    0.719448983669281,
                    3.4362633228302
                ],
                [
                    0.0,
                    0.0,
                    0.0,
                    1.0
                ]
            ],
            "transform_matrix_sun": [
                [
                    0.43840867280960083,
                    -0.5453607439994812,
                    0.7144085168838501,
                    1.597465991973877
                ],
                [
                    0.8987757563591003,
                    0.2660183906555176,
                    -0.34847724437713623,
                    -0.7792187929153442
                ],
                [
                    0.0,
                    0.7948684692382812,
                    0.6067817807197571,
                    1.3568053245544434
                ],
                [
                    0.0,
                    0.0,
                    0.0,
                    1.0
                ]
            ]
        },
        {
            "file_path": "train/r_23",
            "rotation": 0.06283185307179587,
            "transform_matrix": [
                [
                    0.9151338338851929,
                    0.29004591703414917,
                    -0.2800060212612152,
                    -1.3373768329620361
                ],
                [
                    -0.4031500816345215,
                    0.6583921313285828,
                    -0.6356019377708435,
                    -3.0357894897460938
                ],
                [
                    1.4901159417490817e-08,
                    0.6945452094078064,
                    0.719448983669281,
                    3.4362633228302
                ],
                [
                    0.0,
                    0.0,
                    0.0,
                    1.0
                ]
            ],
            "transform_matrix_sun": [
                [
                    -0.607266902923584,
                    -0.3969680368900299,
                    0.6882174611091614,
                    1.5389010906219482
                ],
                [
                    0.7944979667663574,
                    -0.30341872572898865,
                    0.5260324478149414,
                    1.1762443780899048
                ],
                [
                    0.0,
                    0.8662294149398804,
                    0.49964639544487,
                    1.1172432899475098
                ],
                [
                    0.0,
                    0.0,
                    0.0,
                    1.0
                ]
            ]
        },
        {
            "file_path": "train/r_24",
            "rotation": 0.06283185307179587,
            "transform_matrix": [
                [
                    0.9151338338851929,
                    0.29004591703414917,
