{
    "camera_angle_x": 0.6911112070083618,
    "frames": [
        {
            "file_path": "train/r_0",
            "rotation": 0.06283185307179587,
            "transform_matrix": [
                [
                    -0.7634897232055664,
                    0.46550601720809937,
                    -0.44764700531959534,
                    -2.3563246726989746
                ],
                [
                    -0.6458202004432678,
                    -0.5503219366073608,
                    0.5292089581489563,
                    2.7856504917144775
                ],
                [
                    0.0,
                    0.6931450366973877,
                    0.7207981944084167,
                    3.794137954711914
                ],
                [
                    0.0,
                    0.0,
                    0.0,
                    1.0
                ]
            ],
            "transform_matrix_sun": [
                [
                    -0.5271645784378052,
                    0.3849133551120758,
                    -0.757587730884552,
                    -1.6940176486968994
                ],
                [
                    -0.8497632741928101,
                    -0.23878732323646545,
                    0.46998196840286255,
                    1.0509116649627686
                ],
                [
                    -1.4901162970204496e-08,
                    0.8915279507637024,
                    0.45296546816825867,
                    1.0128616094589233
                ],
                [
                    0.0,
                    0.0,
                    0.0,
                    1.0
                ]
            ]
        },
        {
            "file_path": "train/r_1",
            "rotation": 0.06283185307179587,
            "transform_matrix": [
                [
                    -0.7634897232055664,
                    0.46550601720809937,
                    -0.44764700531959534,
                    -2.3563246726989746
                ],
                [
                    -0.6458202004432678,
                    -0.5503219366073608,
                    0.5292089581489563,
                    2.7856504917144775
                ],
                [
                    0.0,
                    0.6931450366973877,
                    0.7207981944084167,
                    3.794137954711914
                ],
                [
                    0.0,
                    0.0,
                    0.0,
                    1.0
                ]
            ],
            "transform_matrix_sun": [
                [
                    0.7802689671516418,
                    -0.5431631207466125,
                    0.31008756160736084,
                    0.693376898765564
                ],
                [
                    0.625444233417511,
                    0.6776196360588074,
                    -0.38684767484664917,
                    -0.8650177121162415
                ],
                [
                    -2.980232594040899e-08,
                    0.4957875609397888,
                    0.8684437870979309,
                    1.941899299621582
                ],
                [
                    0.0,
                    0.0,
                    0.0,
                    1.0
                ]
            ]
        },
        {
            "file_path": "train/r_2",
            "rotation": 0.06283185307179587,
            "transform_matrix": [
                [
                    -0.7634897232055664,
                    0.46550601720809937,
                    -0.44764700531959534,
                    -2.3563246726989746
                ],
                [
                    -0.6458202004432678,
                    -0.5503219366073608,
                    0.5292089581489563,
                    2.7856504917144775
                ],
                [
                    0.0,
                    0.6931450366973877,
                    0.7207981944084167,
                    3.794137954711914
                ],
                [
                    0.0,
                    0.0,
                    0.0,
                    1.0
                ]
            ],
            "transform_matrix_sun": [
                [
                    -0.2193697988986969,
                    -0.9640858769416809,
                    0.14971767365932465,
                    0.3347788453102112
                ],
                [
                    0.9756417870521545,
                    -0.21677149832248688,
                    0.03366352245211601,
                    0.07527391612529755
                ],
                [
                    -3.7252898543727042e-09,
                    0.15345551073551178,
                    0.9881556034088135,
                    2.209582805633545
                ],
                [
                    0.0,
                    0.0,
                    0.0,
                    1.0
                ]
            ]
        },
        {
            "file_path": "train/r_3",
            "rotation": 0.06283185307179587,
            "transform_matrix": [
                [
                    -0.7634897232055664,
                    0.46550601720809937,
                    -0.44764700531959534,
                    -2.3563246726989746
                ],
                [
                    -0.6458202004432678,
                    -0.5503219366073608,
                    0.5292089581489563,
                    2.7856504917144775
                ],
                [
                    0.0,
                    0.6931450366973877,
                    0.7207981944084167,
                    3.794137954711914
                ],
                [
                    0.0,
                    0.0,
                    0.0,
                    1.0
                ]
            ],
            "transform_matrix_sun": [
                [
                    0.9356448650360107,
                    0.28300780057907104,
                    -0.21089163422584534,
                    -0.4715680480003357
                ],
                [
                    -0.35294288396835327,
                    0.7502482533454895,
                    -0.5590696334838867,
                    -1.2501177787780762
                ],
                [
                    1.4901161193847656e-08,
                    0.5975233316421509,
                    0.8018515110015869,
                    1.792994499206543
                ],
                [
                    0.0,
                    0.0,
                    0.0,
                    1.0
                ]
            ]
        },
        {
            "file_path": "train/r_4",
            "rotation": 0.06283185307179587,
            "transform_matrix": [
                [
                    -0.7634897232055664,
                    0.46550601720809937,
                    -0.44764700531959534,
                    -2.3563246726989746
                ],
                [
                    -0.6458202004432678,
                    -0.5503219366073608,
                    0.5292089581489563,
                    2.7856504917144775
                ],
                [
                    0.0,
                    0.6931450366973877,
                    0.7207981944084167,
                    3.794137954711914
                ],
                [
                    0.0,
                    0.0,
                    0.0,
                    1.0
                ]
            ],
            "transform_matrix_sun": [
                [
                    0.9500056505203247,
                    -0.15524666011333466,
                    0.27090179920196533,
                    0.6057548522949219
                ],
                [
                    0.3122327923774719,
                    0.47235655784606934,
                    -0.824251115322113,
                    -1.8430815935134888
                ],
                [
                    -1.4901162970204496e-08,
                    0.8676276206970215,
                    0.4972144365310669,
                    1.1118053197860718
                ],
                [
                    0.0,
                    0.0,
                    0.0,
                    1.0
                ]
            ]
        },
        {
            "file_path": "train/r_5",
            "rotation": 0.06283185307179587,
            "transform_matrix": [
                [
                    -0.7634897232055664,
                    0.46550601720809937,
                    -0.44764700531959534,
                    -2.3563246726989746
                ],
                [
                    -0.6458202004432678,
                    -0.5503219366073608,
                    0.5292089581489563,
                    2.7856504917144775
                ],
                [
                    0.0,
                    0.6931450366973877,
                    0.7207981944084167,
                    3.794137954711914
                ],
                [
                    0.0,
                    0.0,
                    0.0,
                    1.0
                ]
            ],
            "transform_matrix_sun": [
                [
                    -0.9435833692550659,
                    -0.3200012147426605,
                    0.08514600992202759,
                    0.19039227068424225
                ],
                [
                    0.3311353623867035,
                    -0.9118560552597046,
                    0.24262689054012299,
                    0.5425302386283875
                ],
                [
                    7.450581485102248e-09,
                    0.25713348388671875,
                    0.9663758873939514,
                    2.1608822345733643
                ],
                [
                    0.0,
                    0.0,
                    0.0,
                    1.0
                ]
            ]
        },
        {
            "file_path": "train/r_6",
            "rotation": 0.06283185307179587,
            "transform_matrix": [
                [
                    -0.7634897232055664,
                    0.46550601720809937,
                    -0.44764700531959534,
                    -2.3563246726989746
                ],
                [
                    -0.6458202004432678,
                    -0.5503219366073608,
                    0.5292089581489563,
                    2.7856504917144775
                ],
                [
                    0.0,
                    0.6931450366973877,
                    0.7207981944084167,
                    3.794137954711914
                ],
                [
                    0.0,
                    0.0,
                    0.0,
                    1.0
                ]
            ],
            "transform_matrix_sun": [
                [
                    0.9940840005874634,
                    0.10384226590394974,
                    -0.03184051066637039,
                    -0.07119755446910858
                ],
                [
                    -0.10861416161060333,
                    0.9504095315933228,
                    -0.291418194770813,
                    -0.6516309976577759
                ],
                [
                    -1.862645371275562e-09,
                    0.29315248131752014,
                    0.9560655951499939,
                    2.1378278732299805
                ],
                [
                    0.0,
                    0.0,
                    0.0,
                    1.0
                ]
            ]
        },
        {
            "file_path": "train/r_7",
            "rotation": 0.06283185307179587,
            "transform_matrix": [
                [
                    -0.7634897232055664,
                    0.46550601720809937,
                    -0.44764700531959534,
                    -2.3563246726989746
                ],
                [
                    -0.6458202004432678,
                    -0.5503219366073608,
                    0.5292089581489563,
                    2.7856504917144775
                ],
                [
                    0.0,
                    0.6931450366973877,
                    0.7207981944084167,
                    3.794137954711914
                ],
                [
                    0.0,
                    0.0,
                    0.0,
                    1.0
                ]
            ],
            "transform_matrix_sun": [
                [
                    -0.8280266523361206,
                    0.5285565257072449,
                    -0.18708239495754242,
                    -0.4183289408683777
                ],
                [
                    -0.5606887340545654,
                    -0.7805737257003784,
                    0.27628377079963684,
                    0.6177892684936523
                ],
                [
                    -1.4901161193847656e-08,
                    0.33366549015045166,
                    0.9426916241645813,
                    2.1079225540161133
                ],
                [
                    0.0,
                    0.0,
                    0.0,
                    1.0
                ]
            ]
        },
        {
            "file_path": "train/r_8",
            "rotation": 0.06283185307179587,
            "transform_matrix": [
                [
                    -0.7634897232055664,
                    0.46550601720809937,
                    -0.44764700531959534,
                    -2.3563246726989746
                ],
                [
                    -0.6458202004432678,
                    -0.5503219366073608,
                    0.5292089581489563,
                    2.7856504917144775
                ],
                [
                    0.0,
                    0.6931450366973877,
                    0.7207981944084167,
                    3.794137954711914
                ],
                [
                    0.0,
                    0.0,
                    0.0,
                    1.0
                ]
            ],
            "transform_matrix_sun": [
                [
                    0.9520742297172546,
                    -0.13989244401454926,
                    0.2720014750957489,
                    0.6082137227058411
                ],
                [
                    0.30586710572242737,
                    0.4354439675807953,
                    -0.8466604948043823,
                    -1.8931901454925537
                ],
                [
                    0.0,
                    0.889279842376709,
                    0.4573635756969452,
                    1.0226958990097046
                ],
                [
                    0.0,
                    0.0,
                    0.0,
                    1.0
                ]
            ]
        },
        {
            "file_path": "train/r_9",
            "rotation": 0.06283185307179587,
            "transform_matrix": [
                [
                    -0.7634897232055664,
                    0.46550601720809937,
                    -0.44764700531959534,
                    -2.3563246726989746
                ],
                [
                    -0.6458202004432678,
                    -0.5503219366073608,
                    0.5292089581489563,
                    2.7856504917144775
                ],
                [
                    0.0,
                    0.6931450366973877,
                    0.7207981944084167,
                    3.794137954711914
                ],
                [
                    0.0,
                    0.0,
                    0.0,
                    1.0
                ]
            ],
            "transform_matrix_sun": [
                [
                    0.6139834523200989,
                    -0.586799144744873,
                    0.527911901473999,
                    1.1804468631744385
                ],
                [
                    0.7893189191818237,
                    0.456450492143631,
                    -0.41064417362213135,
                    -0.9182283282279968
                ],
                [
                    0.0,
                    0.6688195466995239,
                    0.7434247136116028,
                    1.6623482704162598
                ],
                [
                    0.0,
                    0.0,
                    0.0,
                    1.0
                ]
            ]
        },
        {
            "file_path": "train/r_10",
            "rotation": 0.06283185307179587,
            "transform_matrix": [
                [
                    -0.7634897232055664,
                    0.46550601720809937,
                    -0.44764700531959534,
                    -2.3563246726989746
                ],
                [
                    -0.6458202004432678,
                    -0.5503219366073608,
                    0.5292089581489563,
                    2.7856504917144775
                ],
                [
                    0.0,
                    0.6931450366973877,
                    0.7207981944084167,
                    3.794137954711914
                ],
                [
                    0.0,
                    0.0,
                    0.0,
                    1.0
                ]
            ],
            "transform_matrix_sun": [
                [
                    -0.1895337849855423,
                    0.9715574979782104,
                    -0.14196093380451202,
                    -0.31743431091308594
                ],
                [
                    -0.9818742275238037,
                    -0.18754231929779053,
                    0.027403095737099648,
                    0.0612751841545105
                ],
                [
                    0.0,
                    0.14458149671554565,
                    0.9894928336143494,
                    2.212573289871216
                ],
                [
                    0.0,
                    0.0,
                    0.0,
                    1.0
                ]
            ]
        },
        {
            "file_path": "train/r_11",
            "rotation": 0.06283185307179587,
            "transform_matrix": [
                [
                    -0.7634897232055664,
                    0.46550601720809937,
                    -0.44764700531959534,
                    -2.3563246726989746
                ],
                [
                    -0.6458202004432678,
                    -0.5503219366073608,
                    0.5292089581489563,
                    2.7856504917144775
                ],
                [
                    0.0,
                    0.6931450366973877,
                    0.7207981944084167,
                    3.794137954711914
                ],
                [
                    0.0,
                    0.0,
                    0.0,
                    1.0
                ]
            ],
            "transform_matrix_sun": [
                [
                    0.1177457943558693,
                    0.9843990802764893,
                    -0.13074596226215363,
                    -0.29235684871673584
                ],
                [
                    -0.993043839931488,
                    0.1167207881808281,
                    -0.01550262700766325,
                    -0.034664928913116455
                ],
                [
                    0.0,
                    0.13166168332099915,
                    0.9912946820259094,
                    2.216602325439453
                ],
                [
                    0.0,
                    0.0,
                    0.0,
                    1.0
                ]
            ]
        },
        {
            "file_path": "train/r_12",
            "rotation": 0.06283185307179587,
            "transform_matrix": [
                [
                    -0.7634897232055664,
                    0.46550601720809937,
                    -0.44764700531959534,
                    -2.3563246726989746
                ],
                [
                    -0.6458202004432678,
                    -0.5503219366073608,
                    0.5292089581489563,
                    2.7856504917144775
                ],
                [
                    0.0,
                    0.6931450366973877,
                    0.7207981944084167,
                    3.794137954711914
                ],
                [
                    0.0,
                    0.0,
                    0.0,
                    1.0
                ]
            ],
            "transform_matrix_sun": [
                [
                    -0.998691737651825,
                    -0.037843067198991776,
                    0.03439238294959068,
                    0.07690370827913284
                ],
                [
                    0.051136430352926254,
                    -0.7390730977058411,
                    0.6716814637184143,
                    1.5019254684448242
                ],
                [
                    -1.862645371275562e-09,
                    0.6725614666938782,
                    0.7400412559509277,
                    1.6547825336456299
                ],
                [
                    0.0,
                    0.0,
                    0.0,
                    1.0
                ]
            ]
        },
        {
            "file_path": "train/r_13",
            "rotation": 0.06283185307179587,
            "transform_matrix": [
                [
                    -0.7634897232055664,
                    0.46550601720809937,
                    -0.44764700531959534,
                    -2.3563246726989746
                ],
                [
                    -0.6458202004432678,
                    -0.5503219366073608,
                    0.5292089581489563,
                    2.7856504917144775
                ],
                [
                    0.0,
                    0.6931450366973877,
                    0.7207981944084167,
                    3.794137954711914
                ],
                [
                    0.0,
                    0.0,
                    0.0,
                    1.0
                ]
            ],
            "transform_matrix_sun": [
                [
                    0.9855047464370728,
                    0.12946180999279022,
                    -0.1096365749835968,
                    -0.24515484273433685
                ],
                [
                    -0.16964830458164215,
                    0.7520571947097778,
                    -0.6368903517723083,
                    -1.4241300821304321
                ],
                [
                    -7.450581485102248e-09,
                    0.6462580561637878,
                    0.7631189227104187,
                    1.706385850906372
                ],
                [
                    0.0,
                    0.0,
                    0.0,
                    1.0
                ]
            ]
        },
        {
            "file_path": "train/r_14",
            "rotation": 0.06283185307179587,
            "transform_matrix": [
                [
                    -0.7634897232055664,
                    0.46550601720809937,
                    -0.44764700531959534,
                    -2.3563246726989746
                ],
                [
                    -0.6458202004432678,
                    -0.5503219366073608,
                    0.5292089581489563,
                    2.7856504917144775
                ],
                [
                    0.0,
                    0.6931450366973877,
                    0.7207981944084167,
                    3.794137954711914
                ],
                [
                    0.0,
                    0.0,
                    0.0,
                    1.0
                ]
            ],
            "transform_matrix_sun": [
                [
                    -0.9264441728591919,
                    0.3659208118915558,
                    -0.08833614736795425,
                    -0.19752565026283264
                ],
                [
                    -0.3764323890209198,
                    -0.9005739688873291,
                    0.21740560233592987,
                    0.48613375425338745
                ],
                [
                    0.0,
                    0.23466680943965912,
                    0.972075879573822,
                    2.1736278533935547
                ],
                [
                    0.0,
                    0.0,
                    0.0,
                    1.0
                ]
            ]
        },
        {
            "file_path": "train/r_15",
            "rotation": 0.06283185307179587,
            "transform_matrix": [
                [
                    -0.7634897232055664,
                    0.46550601720809937,
                    -0.44764700531959534,
                    -2.3563246726989746
                ],
                [
                    -0.6458202004432678,
                    -0.5503219366073608,
                    0.5292089581489563,
                    2.7856504917144775
                ],
                [
                    0.0,
                    0.6931450366973877,
                    0.7207981944084167,
                    3.794137954711914
                ],
                [
                    0.0,
                    0.0,
                    0.0,
                    1.0
                ]
            ],
            "transform_matrix_sun": [
                [
                    0.05538291484117508,
                    0.4747735857963562,
                    -0.8783636689186096,
                    -1.9640809297561646
                ],
                [
                    -0.9984652400016785,
                    0.026334762573242188,
                    -0.04872111603617668,
                    -0.10894373059272766
                ],
                [
                    0.0,
                    0.8797139525413513,
                    0.4755033850669861,
                    1.0632579326629639
                ],
                [
                    0.0,
                    0.0,
                    0.0,
                    1.0
                ]
            ]
        },
        {
            "file_path": "train/r_16",
            "rotation": 0.06283185307179587,
            "transform_matrix": [
                [
                    -0.7634897232055664,
                    0.46550601720809937,
                    -0.44764700531959534,
                    -2.3563246726989746
                ],
                [
                    -0.6458202004432678,
                    -0.5503219366073608,
                    0.5292089581489563,
                    2.7856504917144775
                ],
                [
                    0.0,
                    0.6931450366973877,
                    0.7207981944084167,
                    3.794137954711914
                ],
                [
                    0.0,
                    0.0,
                    0.0,
                    1.0
                ]
            ],
            "transform_matrix_sun": [
                [
                    -0.9828171730041504,
                    -0.17125648260116577,
                    0.06885974109172821,
                    0.15397506952285767
                ],
                [
                    0.18458183109760284,
                    -0.9118655920028687,
                    0.366647869348526,
                    0.8198495507240295
                ],
                [
                    0.0,
                    0.373058021068573,
                    0.9278079867362976,
                    2.074641704559326
                ],
                [
                    0.0,
                    0.0,
                    0.0,
                    1.0
                ]
            ]
        },
        {
            "file_path": "train/r_17",
            "rotation": 0.06283185307179587,
            "transform_matrix": [
                [
                    -0.7634897232055664,
                    0.46550601720809937,
                    -0.44764700531959534,
                    -2.3563246726989746
                ],
                [
                    -0.6458202004432678,
                    -0.5503219366073608,
                    0.5292089581489563,
                    2.7856504917144775
                ],
                [
                    0.0,
                    0.6931450366973877,
                    0.7207981944084167,
                    3.794137954711914
                ],
                [
                    0.0,
                    0.0,
                    0.0,
                    1.0
                ]
            ],
            "transform_matrix_sun": [
                [
                    0.9636159539222717,
                    0.15858297049999237,
                    -0.21516437828540802,
                    -0.48112210631370544
                ],
                [
                    -0.26729056239128113,
                    0.5717114210128784,
                    -0.7756944894790649,
                    -1.7345054149627686
                ],
                [
                    -7.4505797087454084e-09,
                    0.8049829006195068,
                    0.5932980179786682,
                    1.3266545534133911
                ],
                [
                    0.0,
                    0.0,
                    0.0,
                    1.0
                ]
            ]
        },
        {
            "file_path": "train/r_18",
            "rotation": 0.06283185307179587,
            "transform_matrix": [
                [
                    -0.7634897232055664,
                    0.46550601720809937,
                    -0.44764700531959534,
                    -2.3563246726989746
                ],
                [
                    -0.6458202004432678,
                    -0.5503219366073608,
                    0.5292089581489563,
                    2.7856504917144775
                ],
                [
                    0.0,
                    0.6931450366973877,
                    0.7207981944084167,
                    3.794137954711914
                ],
                [
                    0.0,
                    0.0,
                    0.0,
                    1.0
                ]
            ],
            "transform_matrix_sun": [
                [
                    -0.5158804655075073,
                    -0.7282689213752747,
                    0.45110055804252625,
                    1.008691668510437
                ],
                [
                    0.8566606044769287,
                    -0.4385630786418915,
                    0.2716524600982666,
                    0.6074334383010864
                ],
                [
                    1.4901162970204496e-08,
                    0.526580274105072,
                    0.8501253128051758,
                    1.9009382724761963
                ],
                [
                    0.0,
                    0.0,
                    0.0,
                    1.0
                ]
            ]
        },
        {
            "file_path": "train/r_19",
            "rotation": 0.06283185307179587,
            "transform_matrix": [
                [
                    -0.7634897232055664,
                    0.46550601720809937,
                    -0.44764700531959534,
                    -2.3563246726989746
                ],
                [
                    -0.6458202004432678,
                    -0.5503219366073608,
                    0.5292089581489563,
                    2.7856504917144775
                ],
                [
                    0.0,
                    0.6931450366973877,
                    0.7207981944084167,
                    3.794137954711914
                ],
                [
                    0.0,
                    0.0,
                    0.0,
                    1.0
                ]
            ],
            "transform_matrix_sun": [
                [
                    0.06707634776830673,
                    -0.8093077540397644,
                    0.5835422873497009,
                    1.304840087890625
                ],
                [
                    0.9977478981018066,
                    0.05440794304013252,
                    -0.039230234920978546,
                    -0.08772145956754684
                ],
                [
                    -3.725290298461914e-09,
                    0.5848593711853027,
                    0.8111347556114197,
                    1.8137521743774414
                ],
                [
                    0.0,
                    0.0,
                    0.0,
                    1.0
                ]
            ]
        },
        {
            "file_path": "train/r_20",
            "rotation": 0.06283185307179587,
            "transform_matrix": [
                [
                    -0.7634897232055664,
                    0.46550601720809937,
                    -0.44764700531959534,
                    -2.3563246726989746
                ],
                [
                    -0.6458202004432678,
                    -0.5503219366073608,
                    0.5292089581489563,
                    2.7856504917144775
                ],
                [
                    0.0,
                    0.6931450366973877,
                    0.7207981944084167,
                    3.794137954711914
                ],
                [
                    0.0,
                    0.0,
                    0.0,
                    1.0
                ]
            ],
            "transform_matrix_sun": [
                [
                    -0.9781255722045898,
                    -0.20801496505737305,
                    0.0005380381480790675,
                    0.001203089952468872
                ],
                [
                    0.20801566541194916,
                    -0.9781222343444824,
                    0.002529948251321912,
                    0.0056571364402771
                ],
                [
                    0.0,
                    0.0025809588842093945,
                    0.9999967217445374,
                    2.236060619354248
                ],
                [
                    0.0,
                    0.0,
                    0.0,
                    1.0
                ]
            ]
        },
        {
            "file_path": "train/r_21",
            "rotation": 0.06283185307179587,
            "transform_matrix": [
                [
                    -0.7634897232055664,
                    0.46550601720809937,
                    -0.44764700531959534,
                    -2.3563246726989746
                ],
                [
                    -0.6458202004432678,
                    -0.5503219366073608,
                    0.5292089581489563,
                    2.7856504917144775
                ],
                [
                    0.0,
                    0.6931450366973877,
                    0.7207981944084167,
                    3.794137954711914
                ],
                [
                    0.0,
                    0.0,
                    0.0,
                    1.0
                ]
            ],
            "transform_matrix_sun": [
                [
                    0.9493088126182556,
                    -0.30353572964668274,
                    0.08172484487295151,
                    0.18274232745170593
                ],
                [
                    0.31434518098831177,
                    0.9166646599769592,
                    -0.24680547416210175,
                    -0.5518738627433777
                ],
                [
                    0.0,
                    0.25998443365097046,
                    0.9656127095222473,
                    2.1591758728027344
                ],
                [
                    0.0,
                    0.0,
                    0.0,
                    1.0
                ]
            ]
        },
        {
            "file_path": "train/r_22",
            "rotation": 0.06283185307179587,
            "transform_matrix": [
                [
                    -0.7634897232055664,
                    0.46550601720809937,
                    -0.44764700531959534,
                    -2.3563246726989746
                ],
                [
                    -0.6458202004432678,
                    -0.5503219366073608,
                    0.5292089581489563,
                    2.7856504917144775
                ],
                [
                    0.0,
                    0.6931450366973877,
                    0.7207981944084167,
                    3.794137954711914
                ],
                [
                    0.0,
                    0.0,
                    0.0,
                    1.0
                ]
            ],
            "transform_matrix_sun": [
                [
                    -0.835222601890564,
                    -0.4978976845741272,
                    0.23345498740673065,
                    0.5220212340354919
                ],
                [
                    0.5499120950698853,
                    -0.7562215328216553,
                    0.35457825660705566,
                    0.7928611040115356
                ],
                [
                    -1.4901161193847656e-08,
                    0.42453140020370483,
                    0.9054132103919983,
                    2.0245654582977295
                ],
                [
                    0.0,
                    0.0,
                    0.0,
                    1.0
                ]
            ]
        },
        {
            "file_path": "train/r_23",
            "rotation": 0.06283185307179587,
            "transform_matrix": [
                [
                    -0.7634897232055664,
                    0.46550601720809937,
                    -0.44764700531959534,
                    -2.3563246726989746
                ],
                [
                    -0.6458202004432678,
                    -0.5503219366073608,
                    0.5292089581489563,
                    2.7856504917144775
                ],
                [
                    0.0,
                    0.6931450366973877,
                    0.7207981944084167,
                    3.794137954711914
                ],
                [
                    0.0,
                    0.0,
                    0.0,
                    1.0
                ]
            ],
            "transform_matrix_sun": [
                [
                    -0.05178994685411453,
                    0.9975438714027405,
                    -0.047158293426036835,
                    -0.1054491400718689
                ],
                [
                    -0.9986580014228821,
                    -0.05173217132687569,
                    0.0024456074461340904,
                    0.005468543618917465
                ],
                [
                    -2.3283064365386963e-10,
                    0.04722132161259651,
                    0.9988844990730286,
                    2.2335734367370605
                ],
                [
                    0.0,
                    0.0,
                    0.0,
                    1.0
                ]
            ]
        },
        {
            "file_path": "train/r_24",
            "rotation": 0.06283185307179587,
            "transform_matrix": [
                [
                    -0.7634897232055664,
                    0.46550601720809937,
                    -0.44764700531959534,
                    -2.3563246726989746
                ],
                [
                    -0.6458202004432678,
