{
    "camera_angle_x": 0.6911112070083618,
    "frames": [
        {
            "file_path": "train/r_0",
            "rotation": 0.06283185307179587,
            "transform_matrix": [
                [
                    -1.0,
                    2.9204034035501536e-06,
                    -2.968732360386639e-06,
                    -1.920577051350847e-05
                ],
                [
                    -4.164388428762322e-06,
                    -0.7012802958488464,
                    0.7128855586051941,
                    4.6119065284729
                ],
                [
                    0.0,
                    0.7128855586051941,
                    0.7012803554534912,
                    4.536828517913818
                ],
                [
                    0.0,
                    0.0,
                    0.0,
                    1.0
                ]
            ],
            "transform_matrix_sun": [
                [
                    0.8113847374916077,
                    -0.5819571018218994,
                    0.0545981265604496,
                    0.12208512425422668
                ],
                [
                    0.5845126509666443,
                    0.807837188243866,
                    -0.07578977197408676,
                    -0.16947108507156372
                ],
                [
                    0.0,
                    0.09340796619653702,
                    0.9956278800964355,
                    2.2262916564941406
                ],
                [
                    0.0,
                    0.0,
                    0.0,
                    1.0
                ]
            ]
        },
        {
            "file_path": "train/r_1",
            "rotation": 0.06283185307179587,
            "transform_matrix": [
                [
                    -1.0,
                    2.9204034035501536e-06,
                    -2.968732360386639e-06,
                    -1.920577051350847e-05
                ],
                [
                    -4.164388428762322e-06,
                    -0.7012802958488464,
                    0.7128855586051941,
                    4.6119065284729
                ],
                [
                    0.0,
                    0.7128855586051941,
                    0.7012803554534912,
                    4.536828517913818
                ],
                [
                    0.0,
                    0.0,
                    0.0,
                    1.0
                ]
            ],
            "transform_matrix_sun": [
                [
                    0.16640427708625793,
                    -0.8173305988311768,
                    0.5516159534454346,
                    1.2334506511688232
                ],
                [
                    0.9860576391220093,
                    0.13793036341667175,
                    -0.09308913350105286,
                    -0.2081536054611206
                ],
                [
                    7.450580596923828e-09,
                    0.5594154596328735,
                    0.8288874626159668,
                    1.853448510169983
                ],
                [
                    0.0,
                    0.0,
                    0.0,
                    1.0
                ]
            ]
        },
        {
            "file_path": "train/r_2",
            "rotation": 0.06283185307179587,
            "transform_matrix": [
                [
                    -1.0,
                    2.9204034035501536e-06,
                    -2.968732360386639e-06,
                    -1.920577051350847e-05
                ],
                [
                    -4.164388428762322e-06,
                    -0.7012802958488464,
                    0.7128855586051941,
                    4.6119065284729
                ],
                [
                    0.0,
                    0.7128855586051941,
                    0.7012803554534912,
                    4.536828517913818
                ],
                [
                    0.0,
                    0.0,
                    0.0,
                    1.0
                ]
            ],
            "transform_matrix_sun": [
                [
                    0.9695047736167908,
                    -0.24319002032279968,
                    0.03031681850552559,
                    0.06779046356678009
                ],
                [
                    0.24507242441177368,
                    0.9620580077171326,
                    -0.1199331134557724,
                    -0.2681785821914673
                ],
                [
                    -1.8626449271863521e-09,
                    0.1237051710486412,
                    0.9923189878463745,
                    2.2188925743103027
                ],
                [
                    0.0,
                    0.0,
                    0.0,
                    1.0
                ]
            ]
        },
        {
            "file_path": "train/r_3",
            "rotation": 0.06283185307179587,
            "transform_matrix": [
                [
                    -1.0,
                    2.9204034035501536e-06,
                    -2.968732360386639e-06,
                    -1.920577051350847e-05
                ],
                [
                    -4.164388428762322e-06,
                    -0.7012802958488464,
                    0.7128855586051941,
                    4.6119065284729
                ],
                [
                    0.0,
                    0.7128855586051941,
                    0.7012803554534912,
                    4.536828517913818
                ],
                [
                    0.0,
                    0.0,
                    0.0,
                    1.0
                ]
            ],
            "transform_matrix_sun": [
                [
                    0.999309778213501,
                    -0.017673999071121216,
                    0.032673802226781845,
                    0.07306084036827087
                ],
                [
                    0.0371476449072361,
                    0.47544869780540466,
                    -0.8789587616920471,
                    -1.9654115438461304
                ],
                [
                    0.0,
                    0.8795657753944397,
                    0.47577714920043945,
                    1.0638700723648071
                ],
                [
                    0.0,
                    0.0,
                    0.0,
                    1.0
                ]
            ]
        },
        {
            "file_path": "train/r_4",
            "rotation": 0.06283185307179587,
            "transform_matrix": [
                [
                    -1.0,
                    2.9204034035501536e-06,
                    -2.968732360386639e-06,
                    -1.920577051350847e-05
                ],
                [
                    -4.164388428762322e-06,
                    -0.7012802958488464,
                    0.7128855586051941,
                    4.6119065284729
                ],
                [
                    0.0,
                    0.7128855586051941,
                    0.7012803554534912,
                    4.536828517913818
                ],
                [
                    0.0,
                    0.0,
                    0.0,
                    1.0
                ]
            ],
            "transform_matrix_sun": [
                [
                    -0.6910853981971741,
                    0.7108124494552612,
                    -0.13094483315944672,
                    -0.29280155897140503
                ],
                [
                    -0.7227731347084045,
                    -0.6796491146087646,
                    0.1252039670944214,
                    0.2799645960330963
                ],
                [
                    0.0,
                    0.18117016553878784,
                    0.9834517240524292,
                    2.1990649700164795
                ],
                [
                    0.0,
                    0.0,
                    0.0,
                    1.0
                ]
            ]
        },
        {
            "file_path": "train/r_5",
            "rotation": 0.06283185307179587,
            "transform_matrix": [
                [
                    -1.0,
                    2.9204034035501536e-06,
                    -2.968732360386639e-06,
                    -1.920577051350847e-05
                ],
                [
                    -4.164388428762322e-06,
                    -0.7012802958488464,
                    0.7128855586051941,
                    4.6119065284729
                ],
                [
                    0.0,
                    0.7128855586051941,
                    0.7012803554534912,
                    4.536828517913818
                ],
                [
                    0.0,
                    0.0,
                    0.0,
                    1.0
                ]
            ],
            "transform_matrix_sun": [
                [
                    -0.9958785772323608,
                    -0.06843387335538864,
                    0.05952063947916031,
                    0.13309220969676971
                ],
                [
                    0.09069675207138062,
                    -0.7514252066612244,
                    0.6535550355911255,
                    1.4613935947418213
                ],
                [
                    3.725290298461914e-09,
                    0.6562598347663879,
                    0.754534900188446,
                    1.6871914863586426
                ],
                [
                    0.0,
                    0.0,
                    0.0,
                    1.0
                ]
            ]
        },
        {
            "file_path": "train/r_6",
            "rotation": 0.06283185307179587,
            "transform_matrix": [
                [
                    -1.0,
                    2.9204034035501536e-06,
                    -2.968732360386639e-06,
                    -1.920577051350847e-05
                ],
                [
                    -4.164388428762322e-06,
                    -0.7012802958488464,
                    0.7128855586051941,
                    4.6119065284729
                ],
                [
                    0.0,
                    0.7128855586051941,
                    0.7012803554534912,
                    4.536828517913818
                ],
                [
                    0.0,
                    0.0,
                    0.0,
                    1.0
                ]
            ],
            "transform_matrix_sun": [
                [
                    -0.9441356658935547,
                    -0.27548643946647644,
                    0.18087296187877655,
                    0.40444424748420715
                ],
                [
                    0.32955700159072876,
                    -0.78923100233078,
                    0.5181763172149658,
                    1.1586774587631226
                ],
                [
                    0.0,
                    0.5488365888595581,
                    0.8359296321868896,
                    1.8691954612731934
                ],
                [
                    0.0,
                    0.0,
                    0.0,
                    1.0
                ]
            ]
        },
        {
            "file_path": "train/r_7",
            "rotation": 0.06283185307179587,
            "transform_matrix": [
                [
                    -1.0,
                    2.9204034035501536e-06,
                    -2.968732360386639e-06,
                    -1.920577051350847e-05
                ],
                [
                    -4.164388428762322e-06,
                    -0.7012802958488464,
                    0.7128855586051941,
                    4.6119065284729
                ],
                [
                    0.0,
                    0.7128855586051941,
                    0.7012803554534912,
                    4.536828517913818
                ],
                [
                    0.0,
                    0.0,
                    0.0,
                    1.0
                ]
            ],
            "transform_matrix_sun": [
                [
                    0.5993881225585938,
                    0.7560197710990906,
                    -0.26299813389778137,
                    -0.5880817770957947
                ],
                [
                    -0.800458550453186,
                    0.5661121010780334,
                    -0.1969345659017563,
                    -0.44035911560058594
                ],
                [
                    0.0,
                    0.3285592794418335,
                    0.9444832801818848,
                    2.111928939819336
                ],
                [
                    0.0,
                    0.0,
                    0.0,
                    1.0
                ]
            ]
        },
        {
            "file_path": "train/r_8",
            "rotation": 0.06283185307179587,
            "transform_matrix": [
                [
                    -1.0,
                    2.9204034035501536e-06,
                    -2.968732360386639e-06,
                    -1.920577051350847e-05
                ],
                [
                    -4.164388428762322e-06,
                    -0.7012802958488464,
                    0.7128855586051941,
                    4.6119065284729
                ],
                [
                    0.0,
                    0.7128855586051941,
                    0.7012803554534912,
                    4.536828517913818
                ],
                [
                    0.0,
                    0.0,
                    0.0,
                    1.0
                ]
            ],
            "transform_matrix_sun": [
                [
                    0.0011057732626795769,
                    -0.5922037959098816,
                    0.8057875037193298,
                    1.8017956018447876
                ],
                [
                    0.9999994039535522,
                    0.0006548434612341225,
                    -0.00089101871708408,
                    -0.001992378383874893
                ],
                [
                    0.0,
                    0.805787980556488,
                    0.5922041535377502,
                    1.3242087364196777
                ],
                [
                    0.0,
                    0.0,
                    0.0,
                    1.0
                ]
            ]
        },
        {
            "file_path": "train/r_9",
            "rotation": 0.06283185307179587,
            "transform_matrix": [
                [
                    -1.0,
                    2.9204034035501536e-06,
                    -2.968732360386639e-06,
                    -1.920577051350847e-05
                ],
                [
                    -4.164388428762322e-06,
                    -0.7012802958488464,
                    0.7128855586051941,
                    4.6119065284729
                ],
                [
                    0.0,
                    0.7128855586051941,
                    0.7012803554534912,
                    4.536828517913818
                ],
                [
                    0.0,
                    0.0,
                    0.0,
                    1.0
                ]
            ],
            "transform_matrix_sun": [
                [
                    0.5113281011581421,
                    0.8302717208862305,
                    -0.22179347276687622,
                    -0.4959452748298645
                ],
                [
                    -0.8593855500221252,
                    0.49400562047958374,
                    -0.1319654881954193,
                    -0.29508379101753235
                ],
                [
                    1.4901161193847656e-08,
                    0.2580835223197937,
                    0.966122567653656,
                    2.160315752029419
                ],
                [
                    0.0,
                    0.0,
                    0.0,
                    1.0
                ]
            ]
        },
        {
            "file_path": "train/r_10",
            "rotation": 0.06283185307179587,
            "transform_matrix": [
                [
                    -1.0,
                    2.9204034035501536e-06,
                    -2.968732360386639e-06,
                    -1.920577051350847e-05
                ],
                [
                    -4.164388428762322e-06,
                    -0.7012802958488464,
                    0.7128855586051941,
                    4.6119065284729
                ],
                [
                    0.0,
                    0.7128855586051941,
                    0.7012803554534912,
                    4.536828517913818
                ],
                [
                    0.0,
                    0.0,
                    0.0,
                    1.0
                ]
            ],
            "transform_matrix_sun": [
                [
                    0.27488216757774353,
                    -0.6115245223045349,
                    0.7419416308403015,
                    1.6590321063995361
                ],
                [
                    0.9614779353141785,
                    0.17483209073543549,
                    -0.2121177464723587,
                    -0.4743097424507141
                ],
                [
                    -1.4901161193847656e-08,
                    0.7716678977012634,
                    0.6360255479812622,
                    1.4221965074539185
                ],
                [
                    0.0,
                    0.0,
                    0.0,
                    1.0
                ]
            ]
        },
        {
            "file_path": "train/r_11",
            "rotation": 0.06283185307179587,
            "transform_matrix": [
                [
                    -1.0,
                    2.9204034035501536e-06,
                    -2.968732360386639e-06,
                    -1.920577051350847e-05
                ],
                [
                    -4.164388428762322e-06,
                    -0.7012802958488464,
                    0.7128855586051941,
                    4.6119065284729
                ],
                [
                    0.0,
                    0.7128855586051941,
                    0.7012803554534912,
                    4.536828517913818
                ],
                [
                    0.0,
                    0.0,
                    0.0,
                    1.0
                ]
            ],
            "transform_matrix_sun": [
                [
                    -0.04437658563256264,
                    -0.8898276686668396,
                    0.4541338086128235,
                    1.0154740810394287
                ],
                [
                    0.9990148544311523,
                    -0.039526455104351044,
                    0.020172782242298126,
                    0.04510771483182907
                ],
                [
                    1.8626450382086546e-09,
                    0.45458152890205383,
                    0.8907050490379333,
                    1.9916770458221436
                ],
                [
                    0.0,
                    0.0,
                    0.0,
                    1.0
                ]
            ]
        },
        {
            "file_path": "train/r_12",
            "rotation": 0.06283185307179587,
            "transform_matrix": [
                [
                    -1.0,
                    2.9204034035501536e-06,
                    -2.968732360386639e-06,
                    -1.920577051350847e-05
                ],
                [
                    -4.164388428762322e-06,
                    -0.7012802958488464,
                    0.7128855586051941,
                    4.6119065284729
                ],
                [
                    0.0,
                    0.7128855586051941,
                    0.7012803554534912,
                    4.536828517913818
                ],
                [
                    0.0,
                    0.0,
                    0.0,
                    1.0
                ]
            ],
            "transform_matrix_sun": [
                [
                    -0.974023699760437,
                    -0.22465242445468903,
                    0.02844657190144062,
                    0.06360846757888794
                ],
                [
                    0.22644633054733276,
                    -0.966307520866394,
                    0.12235850840806961,
                    0.2736019492149353
                ],
                [
                    1.862645371275562e-09,
                    0.12562212347984314,
                    0.9920782446861267,
                    2.2183544635772705
                ],
                [
                    0.0,
                    0.0,
                    0.0,
                    1.0
                ]
            ]
        },
        {
            "file_path": "train/r_13",
            "rotation": 0.06283185307179587,
            "transform_matrix": [
                [
                    -1.0,
                    2.9204034035501536e-06,
                    -2.968732360386639e-06,
                    -1.920577051350847e-05
                ],
                [
                    -4.164388428762322e-06,
                    -0.7012802958488464,
                    0.7128855586051941,
                    4.6119065284729
                ],
                [
                    0.0,
                    0.7128855586051941,
                    0.7012803554534912,
                    4.536828517913818
                ],
                [
                    0.0,
                    0.0,
                    0.0,
                    1.0
                ]
            ],
            "transform_matrix_sun": [
                [
                    0.9880492091178894,
                    -0.14155709743499756,
                    0.06099429726600647,
                    0.1363873928785324
                ],
                [
                    0.15413860976696014,
                    0.9074000120162964,
                    -0.39098161458969116,
                    -0.8742614984512329
                ],
                [
                    -3.725290076417309e-09,
                    0.3957105875015259,
                    0.9183752536773682,
                    2.0535495281219482
                ],
                [
                    0.0,
                    0.0,
                    0.0,
                    1.0
                ]
            ]
        },
        {
            "file_path": "train/r_14",
            "rotation": 0.06283185307179587,
            "transform_matrix": [
                [
                    -1.0,
                    2.9204034035501536e-06,
                    -2.968732360386639e-06,
                    -1.920577051350847e-05
                ],
                [
                    -4.164388428762322e-06,
                    -0.7012802958488464,
                    0.7128855586051941,
                    4.6119065284729
                ],
                [
                    0.0,
                    0.7128855586051941,
                    0.7012803554534912,
                    4.536828517913818
                ],
                [
                    0.0,
                    0.0,
                    0.0,
                    1.0
                ]
            ],
            "transform_matrix_sun": [
                [
                    0.5052253007888794,
                    -0.7865881323814392,
                    0.35500219464302063,
                    0.7938090562820435
                ],
                [
                    0.8629875183105469,
                    0.46049824357032776,
                    -0.20783162117004395,
                    -0.46472564339637756
                ],
                [
                    0.0,
                    0.4113641679286957,
                    0.9114710092544556,
                    2.0381112098693848
                ],
                [
                    0.0,
                    0.0,
                    0.0,
                    1.0
                ]
            ]
        },
        {
            "file_path": "train/r_15",
            "rotation": 0.06283185307179587,
            "transform_matrix": [
                [
                    -1.0,
                    2.9204034035501536e-06,
                    -2.968732360386639e-06,
                    -1.920577051350847e-05
                ],
                [
                    -4.164388428762322e-06,
                    -0.7012802958488464,
                    0.7128855586051941,
                    4.6119065284729
                ],
                [
                    0.0,
                    0.7128855586051941,
                    0.7012803554534912,
                    4.536828517913818
                ],
                [
                    0.0,
                    0.0,
                    0.0,
                    1.0
                ]
            ],
            "transform_matrix_sun": [
                [
                    -0.9773799180984497,
                    -0.19885703921318054,
                    0.07200368493795395,
                    0.1610051393508911
                ],
                [
                    0.21149152517318726,
                    -0.9189913272857666,
                    0.3327554166316986,
                    0.7440637350082397
                ],
                [
                    0.0,
                    0.34045660495758057,
                    0.9402602910995483,
                    2.1024858951568604
                ],
                [
                    0.0,
                    0.0,
                    0.0,
                    1.0
                ]
            ]
        },
        {
            "file_path": "train/r_16",
            "rotation": 0.06283185307179587,
            "transform_matrix": [
                [
                    -1.0,
                    2.9204034035501536e-06,
                    -2.968732360386639e-06,
                    -1.920577051350847e-05
                ],
                [
                    -4.164388428762322e-06,
                    -0.7012802958488464,
                    0.7128855586051941,
                    4.6119065284729
                ],
                [
                    0.0,
                    0.7128855586051941,
                    0.7012803554534912,
                    4.536828517913818
                ],
                [
                    0.0,
                    0.0,
                    0.0,
                    1.0
                ]
            ],
            "transform_matrix_sun": [
                [
                    -0.6896233558654785,
                    0.39369648694992065,
                    -0.6078015565872192,
                    -1.3590855598449707
                ],
                [
                    -0.7241681814193726,
                    -0.37491607666015625,
                    0.5788077116012573,
                    1.2942534685134888
                ],
                [
                    -1.4901160305669237e-08,
                    0.8393099308013916,
                    0.5436532497406006,
                    1.215645670890808
                ],
                [
                    0.0,
                    0.0,
                    0.0,
                    1.0
                ]
            ]
        },
        {
            "file_path": "train/r_17",
            "rotation": 0.06283185307179587,
            "transform_matrix": [
                [
                    -1.0,
                    2.9204034035501536e-06,
                    -2.968732360386639e-06,
                    -1.920577051350847e-05
                ],
                [
                    -4.164388428762322e-06,
                    -0.7012802958488464,
                    0.7128855586051941,
                    4.6119065284729
                ],
                [
                    0.0,
                    0.7128855586051941,
                    0.7012803554534912,
                    4.536828517913818
                ],
                [
                    0.0,
                    0.0,
                    0.0,
                    1.0
                ]
            ],
            "transform_matrix_sun": [
                [
                    0.9792016744613647,
                    -0.1898387223482132,
                    0.07159120589494705,
                    0.16008278727531433
                ],
                [
                    0.20288921892642975,
                    0.9162161946296692,
                    -0.3455197215080261,
                    -0.7726054787635803
                ],
                [
                    0.0,
                    0.35285836458206177,
                    0.9356767535209656,
                    2.0922365188598633
                ],
                [
                    0.0,
                    0.0,
                    0.0,
                    1.0
                ]
            ]
        },
        {
            "file_path": "train/r_18",
            "rotation": 0.06283185307179587,
            "transform_matrix": [
                [
                    -1.0,
                    2.9204034035501536e-06,
                    -2.968732360386639e-06,
                    -1.920577051350847e-05
                ],
                [
                    -4.164388428762322e-06,
                    -0.7012802958488464,
                    0.7128855586051941,
                    4.6119065284729
                ],
                [
                    0.0,
                    0.7128855586051941,
                    0.7012803554534912,
                    4.536828517913818
                ],
                [
                    0.0,
                    0.0,
                    0.0,
                    1.0
                ]
            ],
            "transform_matrix_sun": [
                [
                    0.7752383351325989,
                    -0.5966500639915466,
                    0.20739847421646118,
                    0.46375709772109985
                ],
                [
                    0.631668746471405,
                    0.7322604060173035,
                    -0.25453728437423706,
                    -0.5691626667976379
                ],
                [
                    0.0,
                    0.32833415269851685,
                    0.9445616006851196,
                    2.1121039390563965
                ],
                [
                    0.0,
                    0.0,
                    0.0,
                    1.0
                ]
            ]
        },
        {
            "file_path": "train/r_19",
            "rotation": 0.06283185307179587,
            "transform_matrix": [
                [
                    -1.0,
                    2.9204034035501536e-06,
                    -2.968732360386639e-06,
                    -1.920577051350847e-05
                ],
                [
                    -4.164388428762322e-06,
                    -0.7012802958488464,
                    0.7128855586051941,
                    4.6119065284729
                ],
                [
                    0.0,
                    0.7128855586051941,
                    0.7012803554534912,
                    4.536828517913818
                ],
                [
                    0.0,
                    0.0,
                    0.0,
                    1.0
                ]
            ],
            "transform_matrix_sun": [
                [
                    -0.4926605224609375,
                    -0.8108066916465759,
                    0.31603503227233887,
                    0.7066758275032043
                ],
                [
                    0.8702216744422913,
                    -0.4590238034725189,
                    0.17891761660575867,
                    0.4000719487667084
                ],
                [
                    0.0,
                    0.36316612362861633,
                    0.9317243695259094,
                    2.0833990573883057
                ],
                [
                    0.0,
                    0.0,
                    0.0,
                    1.0
                ]
            ]
        },
        {
            "file_path": "train/r_20",
            "rotation": 0.06283185307179587,
            "transform_matrix": [
                [
                    -1.0,
                    2.9204034035501536e-06,
                    -2.968732360386639e-06,
                    -1.920577051350847e-05
                ],
                [
                    -4.164388428762322e-06,
                    -0.7012802958488464,
                    0.7128855586051941,
                    4.6119065284729
                ],
                [
                    0.0,
                    0.7128855586051941,
                    0.7012803554534912,
                    4.536828517913818
                ],
                [
                    0.0,
                    0.0,
                    0.0,
                    1.0
                ]
            ],
            "transform_matrix_sun": [
                [
                    -0.9325783848762512,
                    0.3550189435482025,
                    -0.06526301056146622,
                    -0.14593252539634705
                ],
                [
                    -0.360967755317688,
                    -0.917209267616272,
                    0.16861027479171753,
                    0.3770240545272827
                ],
                [
                    3.725290742551124e-09,
                    0.18080008029937744,
                    0.9835198521614075,
                    2.1992173194885254
                ],
                [
                    0.0,
                    0.0,
                    0.0,
                    1.0
                ]
            ]
        },
        {
            "file_path": "train/r_21",
            "rotation": 0.06283185307179587,
            "transform_matrix": [
                [
                    -1.0,
                    2.9204034035501536e-06,
                    -2.968732360386639e-06,
                    -1.920577051350847e-05
                ],
                [
                    -4.164388428762322e-06,
                    -0.7012802958488464,
                    0.7128855586051941,
                    4.6119065284729
                ],
                [
                    0.0,
                    0.7128855586051941,
                    0.7012803554534912,
                    4.536828517913818
                ],
                [
                    0.0,
                    0.0,
                    0.0,
                    1.0
                ]
            ],
            "transform_matrix_sun": [
                [
                    -0.16240590810775757,
                    0.6917803883552551,
                    -0.703607976436615,
                    -1.5733152627944946
                ],
                [
                    -0.9867240190505981,
                    -0.1138608455657959,
                    0.11580755561590195,
                    0.2589535713195801
                ],
                [
                    0.0,
                    0.713074803352356,
                    0.701088011264801,
                    1.5676804780960083
                ],
                [
                    0.0,
                    0.0,
                    0.0,
                    1.0
                ]
            ]
        },
        {
            "file_path": "train/r_22",
            "rotation": 0.06283185307179587,
            "transform_matrix": [
                [
                    -1.0,
                    2.9204034035501536e-06,
                    -2.968732360386639e-06,
                    -1.920577051350847e-05
                ],
                [
                    -4.164388428762322e-06,
                    -0.7012802958488464,
                    0.7128855586051941,
                    4.6119065284729
                ],
                [
                    0.0,
                    0.7128855586051941,
                    0.7012803554534912,
                    4.536828517913818
                ],
                [
                    0.0,
                    0.0,
                    0.0,
                    1.0
                ]
            ],
            "transform_matrix_sun": [
                [
                    0.9255593419075012,
                    0.33524468541145325,
                    -0.1759287565946579,
                    -0.39338865876197815
                ],
                [
                    -0.37860262393951416,
                    0.8195633888244629,
                    -0.4300881624221802,
                    -0.9617063999176025
                ],
                [
                    0.0,
                    0.46467921137809753,
                    0.8854790925979614,
                    1.9799914360046387
                ],
                [
                    0.0,
                    0.0,
                    0.0,
                    1.0
                ]
            ]
        },
        {
            "file_path": "train/r_23",
            "rotation": 0.06283185307179587,
            "transform_matrix": [
                [
                    -1.0,
                    2.9204034035501536e-06,
                    -2.968732360386639e-06,
                    -1.920577051350847e-05
                ],
                [
                    -4.164388428762322e-06,
                    -0.7012802958488464,
                    0.7128855586051941,
                    4.6119065284729
                ],
                [
                    0.0,
                    0.7128855586051941,
                    0.7012803554534912,
                    4.536828517913818
                ],
                [
                    0.0,
                    0.0,
                    0.0,
                    1.0
                ]
            ],
            "transform_matrix_sun": [
                [
                    -0.1529616266489029,
                    -0.4968673884868622,
                    0.8542397022247314,
                    1.9101381301879883
                ],
                [
                    0.9882321357727051,
                    -0.07690667361021042,
                    0.13222186267375946,
                    0.29565706849098206
                ],
                [
                    0.0,
                    0.8644119501113892,
                    0.5027841329574585,
                    1.1242594718933105
                ],
                [
                    0.0,
                    0.0,
                    0.0,
                    1.0
                ]
            ]
        },
        {
            "file_path": "train/r_24",
            "rotation": 0.06283185307179587,
            "transform_matrix": [
                [
                    -1.0,
                    2.9204034035501536e-06,
                    -2.968732360386639e-06,
                    -1.920577051350847e-05
                ],
                [
                    -4.164388428762322e-06,
                    -0.7012802958488464,
                    0.7128855586051941,
                    4.6119065284729
                ],
                [
                    0.0,
                    0.7128855586051941,
                    0.7012803554534912,
                    4.536828517913818
