{
    "camera_angle_x": 0.6911112070083618,
    "frames": [
        {
            "file_path": "train/r_0",
            "rotation": 0.06283185307179587,
            "transform_matrix": [
                [
                    -0.7634897232055664,
                    0.46550601720809937,
                    -0.44764700531959534,
                    -2.3563246726989746
                ],
                [
                    -0.6458202004432678,
                    -0.5503219366073608,
                    0.5292089581489563,
                    2.7856504917144775
                ],
                [
                    0.0,
                    0.6931450366973877,
                    0.7207981944084167,
                    3.794137954711914
                ],
                [
                    0.0,
                    0.0,
                    0.0,
                    1.0
                ]
            ],
            "transform_matrix_sun": [
                [
                    0.039332933723926544,
                    -0.9933465719223022,
                    0.10823855549097061,
                    0.24202877283096313
                ],
                [
                    0.9992262125015259,
                    0.039101492613554,
                    -0.004260636866092682,
                    -0.009527074173092842
                ],
                [
                    -4.656612873077393e-10,
                    0.1083221286535263,
                    0.9941158294677734,
                    2.2229106426239014
                ],
                [
                    0.0,
                    0.0,
                    0.0,
                    1.0
                ]
            ]
        },
        {
            "file_path": "train/r_1",
            "rotation": 0.06283185307179587,
            "transform_matrix": [
                [
                    -0.7634897232055664,
                    0.46550601720809937,
                    -0.44764700531959534,
                    -2.3563246726989746
                ],
                [
                    -0.6458202004432678,
                    -0.5503219366073608,
                    0.5292089581489563,
                    2.7856504917144775
                ],
                [
                    0.0,
                    0.6931450366973877,
                    0.7207981944084167,
                    3.794137954711914
                ],
                [
                    0.0,
                    0.0,
                    0.0,
                    1.0
                ]
            ],
            "transform_matrix_sun": [
                [
                    0.39198219776153564,
                    -0.897506058216095,
                    0.20207123458385468,
                    0.45184504985809326
                ],
                [
                    0.9199727773666382,
                    0.38240960240364075,
                    -0.0860985592007637,
                    -0.19252225756645203
                ],
                [
                    0.0,
                    0.2196493297815323,
                    0.9755789041519165,
                    2.1814608573913574
                ],
                [
                    0.0,
                    0.0,
                    0.0,
                    1.0
                ]
            ]
        },
        {
            "file_path": "train/r_2",
            "rotation": 0.06283185307179587,
            "transform_matrix": [
                [
                    -0.7634897232055664,
                    0.46550601720809937,
                    -0.44764700531959534,
                    -2.3563246726989746
                ],
                [
                    -0.6458202004432678,
                    -0.5503219366073608,
                    0.5292089581489563,
                    2.7856504917144775
                ],
                [
                    0.0,
                    0.6931450366973877,
                    0.7207981944084167,
                    3.794137954711914
                ],
                [
                    0.0,
                    0.0,
                    0.0,
                    1.0
                ]
            ],
            "transform_matrix_sun": [
                [
                    0.03494694456458092,
                    -0.8563531637191772,
                    0.5152065753936768,
                    1.1520369052886963
                ],
                [
                    0.9993892312049866,
                    0.029945215210318565,
                    -0.018015898764133453,
                    -0.04028477519750595
                ],
                [
                    0.0,
                    0.5155213475227356,
                    0.8568766713142395,
                    1.916034460067749
                ],
                [
                    0.0,
                    0.0,
                    0.0,
                    1.0
                ]
            ]
        },
        {
            "file_path": "train/r_3",
            "rotation": 0.06283185307179587,
            "transform_matrix": [
                [
                    -0.7634897232055664,
                    0.46550601720809937,
                    -0.44764700531959534,
                    -2.3563246726989746
                ],
                [
                    -0.6458202004432678,
                    -0.5503219366073608,
                    0.5292089581489563,
                    2.7856504917144775
                ],
                [
                    0.0,
                    0.6931450366973877,
                    0.7207981944084167,
                    3.794137954711914
                ],
                [
                    0.0,
                    0.0,
                    0.0,
                    1.0
                ]
            ],
            "transform_matrix_sun": [
                [
                    -0.7158336639404297,
                    -0.6952608227729797,
                    0.06476440280675888,
                    0.14481759071350098
                ],
                [
                    0.6982709169387817,
                    -0.7127479314804077,
                    0.06639335304498672,
                    0.1484600305557251
                ],
                [
                    -3.725290742551124e-09,
                    0.09274963289499283,
                    0.9956895112991333,
                    2.2264292240142822
                ],
                [
                    0.0,
                    0.0,
                    0.0,
                    1.0
                ]
            ]
        },
        {
            "file_path": "train/r_4",
            "rotation": 0.06283185307179587,
            "transform_matrix": [
                [
                    -0.7634897232055664,
                    0.46550601720809937,
                    -0.44764700531959534,
                    -2.3563246726989746
                ],
                [
                    -0.6458202004432678,
                    -0.5503219366073608,
                    0.5292089581489563,
                    2.7856504917144775
                ],
                [
                    0.0,
                    0.6931450366973877,
                    0.7207981944084167,
                    3.794137954711914
                ],
                [
                    0.0,
                    0.0,
                    0.0,
                    1.0
                ]
            ],
            "transform_matrix_sun": [
                [
                    0.9839890003204346,
                    0.15879008173942566,
                    -0.08094032108783722,
                    -0.18098807334899902
                ],
                [
                    -0.17822913825511932,
                    0.8766674995422363,
                    -0.44686511158943176,
                    -0.9992208480834961
                ],
                [
                    7.450580596923828e-09,
                    0.45413637161254883,
                    0.8909321427345276,
                    1.9921849966049194
                ],
                [
                    0.0,
                    0.0,
                    0.0,
                    1.0
                ]
            ]
        },
        {
            "file_path": "train/r_5",
            "rotation": 0.06283185307179587,
            "transform_matrix": [
                [
                    -0.7634897232055664,
                    0.46550601720809937,
                    -0.44764700531959534,
                    -2.3563246726989746
                ],
                [
                    -0.6458202004432678,
                    -0.5503219366073608,
                    0.5292089581489563,
                    2.7856504917144775
                ],
                [
                    0.0,
                    0.6931450366973877,
                    0.7207981944084167,
                    3.794137954711914
                ],
                [
                    0.0,
                    0.0,
                    0.0,
                    1.0
                ]
            ],
            "transform_matrix_sun": [
                [
                    0.8453298807144165,
                    -0.34034472703933716,
                    0.4118043780326843,
                    0.9208226203918457
                ],
                [
                    0.5342446565628052,
                    0.5385239720344543,
                    -0.6515938639640808,
                    -1.4570082426071167
                ],
                [
                    0.0,
                    0.7708160877227783,
                    0.6370577216148376,
                    1.4245043992996216
                ],
                [
                    0.0,
                    0.0,
                    0.0,
                    1.0
                ]
            ]
        },
        {
            "file_path": "train/r_6",
            "rotation": 0.06283185307179587,
            "transform_matrix": [
                [
                    -0.7634897232055664,
                    0.46550601720809937,
                    -0.44764700531959534,
                    -2.3563246726989746
                ],
                [
                    -0.6458202004432678,
                    -0.5503219366073608,
                    0.5292089581489563,
                    2.7856504917144775
                ],
                [
                    0.0,
                    0.6931450366973877,
                    0.7207981944084167,
                    3.794137954711914
                ],
                [
                    0.0,
                    0.0,
                    0.0,
                    1.0
                ]
            ],
            "transform_matrix_sun": [
                [
                    0.2461903989315033,
                    0.8134944438934326,
                    -0.5268937945365906,
                    -1.1781702041625977
                ],
                [
                    -0.9692215919494629,
                    0.20663438737392426,
                    -0.13383542001247406,
                    -0.299265056848526
                ],
                [
                    0.0,
                    0.5436257123947144,
                    0.8393278121948242,
                    1.8767938613891602
                ],
                [
                    0.0,
                    0.0,
                    0.0,
                    1.0
                ]
            ]
        },
        {
            "file_path": "train/r_7",
            "rotation": 0.06283185307179587,
            "transform_matrix": [
                [
                    -0.7634897232055664,
                    0.46550601720809937,
                    -0.44764700531959534,
                    -2.3563246726989746
                ],
                [
                    -0.6458202004432678,
                    -0.5503219366073608,
                    0.5292089581489563,
                    2.7856504917144775
                ],
                [
                    0.0,
                    0.6931450366973877,
                    0.7207981944084167,
                    3.794137954711914
                ],
                [
                    0.0,
                    0.0,
                    0.0,
                    1.0
                ]
            ],
            "transform_matrix_sun": [
                [
                    0.5851963758468628,
                    0.6272716522216797,
                    -0.5138826370239258,
                    -1.1490765810012817
                ],
                [
                    -0.8108916282653809,
                    0.45268332958221436,
                    -0.37085384130477905,
                    -0.8292543888092041
                ],
                [
                    0.0,
                    0.6337253451347351,
                    0.7735580205917358,
                    1.7297283411026
                ],
                [
                    0.0,
                    0.0,
                    0.0,
                    1.0
                ]
            ]
        },
        {
            "file_path": "train/r_8",
            "rotation": 0.06283185307179587,
            "transform_matrix": [
                [
                    -0.7634897232055664,
                    0.46550601720809937,
                    -0.44764700531959534,
                    -2.3563246726989746
                ],
                [
                    -0.6458202004432678,
                    -0.5503219366073608,
                    0.5292089581489563,
                    2.7856504917144775
                ],
                [
                    0.0,
                    0.6931450366973877,
                    0.7207981944084167,
                    3.794137954711914
                ],
                [
                    0.0,
                    0.0,
                    0.0,
                    1.0
                ]
            ],
            "transform_matrix_sun": [
                [
                    -0.05670861527323723,
                    0.9520877003669739,
                    -0.30052146315574646,
                    -0.67198646068573
                ],
                [
                    -0.998390793800354,
                    -0.0540785975754261,
                    0.017069624736905098,
                    0.03816884011030197
                ],
                [
                    0.0,
                    0.30100592970848083,
                    0.9536222815513611,
                    2.132364273071289
                ],
                [
                    0.0,
                    0.0,
                    0.0,
                    1.0
                ]
            ]
        },
        {
            "file_path": "train/r_9",
            "rotation": 0.06283185307179587,
            "transform_matrix": [
                [
                    -0.7634897232055664,
                    0.46550601720809937,
                    -0.44764700531959534,
                    -2.3563246726989746
                ],
                [
                    -0.6458202004432678,
                    -0.5503219366073608,
                    0.5292089581489563,
                    2.7856504917144775
                ],
                [
                    0.0,
                    0.6931450366973877,
                    0.7207981944084167,
                    3.794137954711914
                ],
                [
                    0.0,
                    0.0,
                    0.0,
                    1.0
                ]
            ],
            "transform_matrix_sun": [
                [
                    0.6232626438140869,
                    -0.6248253583908081,
                    0.4702519476413727,
                    1.0515153408050537
                ],
                [
                    0.7820125818252563,
                    0.49798473715782166,
                    -0.3747899532318115,
                    -0.8380558490753174
                ],
                [
                    -2.980232594040899e-08,
                    0.6013354063034058,
                    0.7989965677261353,
                    1.786610722541809
                ],
                [
                    0.0,
                    0.0,
                    0.0,
                    1.0
                ]
            ]
        },
        {
            "file_path": "train/r_10",
            "rotation": 0.06283185307179587,
            "transform_matrix": [
                [
                    -0.7634897232055664,
                    0.46550601720809937,
                    -0.44764700531959534,
                    -2.3563246726989746
                ],
                [
                    -0.6458202004432678,
                    -0.5503219366073608,
                    0.5292089581489563,
                    2.7856504917144775
                ],
                [
                    0.0,
                    0.6931450366973877,
                    0.7207981944084167,
                    3.794137954711914
                ],
                [
                    0.0,
                    0.0,
                    0.0,
                    1.0
                ]
            ],
            "transform_matrix_sun": [
                [
                    -0.16527754068374634,
                    0.8183919191360474,
                    -0.5503799915313721,
                    -1.230687141418457
                ],
                [
                    -0.986247181892395,
                    -0.13714797794818878,
                    0.09223394095897675,
                    0.20624136924743652
                ],
                [
                    7.450580596923828e-09,
                    0.5580548644065857,
                    0.8298040628433228,
                    1.8554983139038086
                ],
                [
                    0.0,
                    0.0,
                    0.0,
                    1.0
                ]
            ]
        },
        {
            "file_path": "train/r_11",
            "rotation": 0.06283185307179587,
            "transform_matrix": [
                [
                    -0.7634897232055664,
                    0.46550601720809937,
                    -0.44764700531959534,
                    -2.3563246726989746
                ],
                [
                    -0.6458202004432678,
                    -0.5503219366073608,
                    0.5292089581489563,
                    2.7856504917144775
                ],
                [
                    0.0,
                    0.6931450366973877,
                    0.7207981944084167,
                    3.794137954711914
                ],
                [
                    0.0,
                    0.0,
                    0.0,
                    1.0
                ]
            ],
            "transform_matrix_sun": [
                [
                    -0.9872642755508423,
                    -0.13767291605472565,
                    0.07972150295972824,
                    0.17826269567012787
                ],
                [
                    0.1590891182422638,
                    -0.8543609976768494,
                    0.4947301745414734,
                    1.106250286102295
                ],
                [
                    0.0,
                    0.5011122822761536,
                    0.8653822541236877,
                    1.9350535869598389
                ],
                [
                    0.0,
                    0.0,
                    0.0,
                    1.0
                ]
            ]
        },
        {
            "file_path": "train/r_12",
            "rotation": 0.06283185307179587,
            "transform_matrix": [
                [
                    -0.7634897232055664,
                    0.46550601720809937,
                    -0.44764700531959534,
                    -2.3563246726989746
                ],
                [
                    -0.6458202004432678,
                    -0.5503219366073608,
                    0.5292089581489563,
                    2.7856504917144775
                ],
                [
                    0.0,
                    0.6931450366973877,
                    0.7207981944084167,
                    3.794137954711914
                ],
                [
                    0.0,
                    0.0,
                    0.0,
                    1.0
                ]
            ],
            "transform_matrix_sun": [
                [
                    -0.9554882645606995,
                    -0.29312819242477417,
                    0.03343687951564789,
                    0.07476714253425598
                ],
                [
                    0.29502907395362854,
                    -0.9493319988250732,
                    0.10828948765993118,
                    0.2421426773071289
                ],
                [
                    0.0,
                    0.11333402991294861,
                    0.9935568571090698,
                    2.221660852432251
                ],
                [
                    0.0,
                    0.0,
                    0.0,
                    1.0
                ]
            ]
        },
        {
            "file_path": "train/r_13",
            "rotation": 0.06283185307179587,
            "transform_matrix": [
                [
                    -0.7634897232055664,
                    0.46550601720809937,
                    -0.44764700531959534,
                    -2.3563246726989746
                ],
                [
                    -0.6458202004432678,
                    -0.5503219366073608,
                    0.5292089581489563,
                    2.7856504917144775
                ],
                [
                    0.0,
                    0.6931450366973877,
                    0.7207981944084167,
                    3.794137954711914
                ],
                [
                    0.0,
                    0.0,
                    0.0,
                    1.0
                ]
            ],
            "transform_matrix_sun": [
                [
                    -0.9754469394683838,
                    0.1876843124628067,
                    -0.11523018777370453,
                    -0.2576625347137451
                ],
                [
                    -0.22023488581180573,
                    -0.8312764763832092,
                    0.5103684663772583,
                    1.1412185430526733
                ],
                [
                    7.450580596923828e-09,
                    0.523215115070343,
                    0.8522007465362549,
                    1.905578851699829
                ],
                [
                    0.0,
                    0.0,
                    0.0,
                    1.0
                ]
            ]
        },
        {
            "file_path": "train/r_14",
            "rotation": 0.06283185307179587,
            "transform_matrix": [
                [
                    -0.7634897232055664,
                    0.46550601720809937,
                    -0.44764700531959534,
                    -2.3563246726989746
                ],
                [
                    -0.6458202004432678,
                    -0.5503219366073608,
                    0.5292089581489563,
                    2.7856504917144775
                ],
                [
                    0.0,
                    0.6931450366973877,
                    0.7207981944084167,
                    3.794137954711914
                ],
                [
                    0.0,
                    0.0,
                    0.0,
                    1.0
                ]
            ],
            "transform_matrix_sun": [
                [
                    -0.5498708486557007,
                    0.8283829689025879,
                    -0.10688261687755585,
                    -0.23899680376052856
                ],
                [
                    -0.8352497816085815,
                    -0.545350193977356,
                    0.07036413997411728,
                    0.15733900666236877
                ],
                [
                    0.0,
                    0.12796439230442047,
                    0.9917787313461304,
                    2.217684745788574
                ],
                [
                    0.0,
                    0.0,
                    0.0,
                    1.0
                ]
            ]
        },
        {
            "file_path": "train/r_15",
            "rotation": 0.06283185307179587,
            "transform_matrix": [
                [
                    -0.7634897232055664,
                    0.46550601720809937,
                    -0.44764700531959534,
                    -2.3563246726989746
                ],
                [
                    -0.6458202004432678,
                    -0.5503219366073608,
                    0.5292089581489563,
                    2.7856504917144775
                ],
                [
                    0.0,
                    0.6931450366973877,
                    0.7207981944084167,
                    3.794137954711914
                ],
                [
                    0.0,
                    0.0,
                    0.0,
                    1.0
                ]
            ],
            "transform_matrix_sun": [
                [
                    0.20457449555397034,
                    0.8146075010299683,
                    -0.5427375435829163,
                    -1.2135980129241943
                ],
                [
                    -0.9788510799407959,
                    0.17024847865104675,
                    -0.11342915892601013,
                    -0.25363531708717346
                ],
                [
                    -7.450580596923828e-09,
                    0.5544639229774475,
                    0.8322077989578247,
                    1.8608732223510742
                ],
                [
                    0.0,
                    0.0,
                    0.0,
                    1.0
                ]
            ]
        },
        {
            "file_path": "train/r_16",
            "rotation": 0.06283185307179587,
            "transform_matrix": [
                [
                    -0.7634897232055664,
                    0.46550601720809937,
                    -0.44764700531959534,
                    -2.3563246726989746
                ],
                [
                    -0.6458202004432678,
                    -0.5503219366073608,
                    0.5292089581489563,
                    2.7856504917144775
                ],
                [
                    0.0,
                    0.6931450366973877,
                    0.7207981944084167,
                    3.794137954711914
                ],
                [
                    0.0,
                    0.0,
                    0.0,
                    1.0
                ]
            ],
            "transform_matrix_sun": [
                [
                    0.9028856754302979,
                    0.20377713441848755,
                    -0.37851324677467346,
                    -0.846381425857544
                ],
                [
                    -0.42988067865371704,
                    0.42799654603004456,
                    -0.7949977517127991,
                    -1.7776691913604736
                ],
                [
                    0.0,
                    0.88050776720047,
                    0.4740317463874817,
                    1.059967279434204
                ],
                [
                    0.0,
                    0.0,
                    0.0,
                    1.0
                ]
            ]
        },
        {
            "file_path": "train/r_17",
            "rotation": 0.06283185307179587,
            "transform_matrix": [
                [
                    -0.7634897232055664,
                    0.46550601720809937,
                    -0.44764700531959534,
                    -2.3563246726989746
                ],
                [
                    -0.6458202004432678,
                    -0.5503219366073608,
                    0.5292089581489563,
                    2.7856504917144775
                ],
                [
                    0.0,
                    0.6931450366973877,
                    0.7207981944084167,
                    3.794137954711914
                ],
                [
                    0.0,
                    0.0,
                    0.0,
                    1.0
                ]
            ],
            "transform_matrix_sun": [
                [
                    -0.8083580732345581,
                    -0.515041172504425,
                    0.28511378169059753,
                    0.6375337839126587
                ],
                [
                    0.5886911153793335,
                    -0.707226037979126,
                    0.3915024399757385,
                    0.8754260540008545
                ],
                [
                    1.4901161193847656e-08,
                    0.4843180477619171,
                    0.8748919367790222,
                    1.9563179016113281
                ],
                [
                    0.0,
                    0.0,
                    0.0,
                    1.0
                ]
            ]
        },
        {
            "file_path": "train/r_18",
            "rotation": 0.06283185307179587,
            "transform_matrix": [
                [
                    -0.7634897232055664,
                    0.46550601720809937,
                    -0.44764700531959534,
                    -2.3563246726989746
                ],
                [
                    -0.6458202004432678,
                    -0.5503219366073608,
                    0.5292089581489563,
                    2.7856504917144775
                ],
                [
                    0.0,
                    0.6931450366973877,
                    0.7207981944084167,
                    3.794137954711914
                ],
                [
                    0.0,
                    0.0,
                    0.0,
                    1.0
                ]
            ],
            "transform_matrix_sun": [
                [
                    -0.24167151749134064,
                    -0.9682571291923523,
                    0.06381919980049133,
                    0.1427040696144104
                ],
                [
                    0.97035813331604,
                    -0.24114826321601868,
                    0.01589442417025566,
                    0.03554101288318634
                ],
                [
                    0.0,
                    0.06576940417289734,
                    0.9978349208831787,
                    2.231226682662964
                ],
                [
                    0.0,
                    0.0,
                    0.0,
                    1.0
                ]
            ]
        },
        {
            "file_path": "train/r_19",
            "rotation": 0.06283185307179587,
            "transform_matrix": [
                [
                    -0.7634897232055664,
                    0.46550601720809937,
                    -0.44764700531959534,
                    -2.3563246726989746
                ],
                [
                    -0.6458202004432678,
                    -0.5503219366073608,
                    0.5292089581489563,
                    2.7856504917144775
                ],
                [
                    0.0,
                    0.6931450366973877,
                    0.7207981944084167,
                    3.794137954711914
                ],
                [
                    0.0,
                    0.0,
                    0.0,
                    1.0
                ]
            ],
            "transform_matrix_sun": [
                [
                    -0.7660781741142273,
                    -0.48135143518447876,
                    0.4259403347969055,
                    0.9524316191673279
                ],
                [
                    0.6427475810050964,
                    -0.5737132430076599,
                    0.5076698064804077,
                    1.1351842880249023
                ],
                [
                    1.4901162970204496e-08,
                    0.6626868844032288,
                    0.7488965392112732,
                    1.6745836734771729
                ],
                [
                    0.0,
                    0.0,
                    0.0,
                    1.0
                ]
            ]
        },
        {
            "file_path": "train/r_20",
            "rotation": 0.06283185307179587,
            "transform_matrix": [
                [
                    -0.7634897232055664,
                    0.46550601720809937,
                    -0.44764700531959534,
                    -2.3563246726989746
                ],
                [
                    -0.6458202004432678,
                    -0.5503219366073608,
                    0.5292089581489563,
                    2.7856504917144775
                ],
                [
                    0.0,
                    0.6931450366973877,
                    0.7207981944084167,
                    3.794137954711914
                ],
                [
                    0.0,
                    0.0,
                    0.0,
                    1.0
                ]
            ],
            "transform_matrix_sun": [
                [
                    -0.05051799491047859,
                    -0.6367966532707214,
                    0.7693750262260437,
                    1.720374584197998
                ],
                [
                    0.9987232089042664,
                    -0.0322108156979084,
                    0.038916971534490585,
                    0.08702098578214645
                ],
                [
                    0.0,
                    0.7703585028648376,
                    0.6376109719276428,
                    1.4257413148880005
                ],
                [
                    0.0,
                    0.0,
                    0.0,
                    1.0
                ]
            ]
        },
        {
            "file_path": "train/r_21",
            "rotation": 0.06283185307179587,
            "transform_matrix": [
                [
                    -0.7634897232055664,
                    0.46550601720809937,
                    -0.44764700531959534,
                    -2.3563246726989746
                ],
                [
                    -0.6458202004432678,
                    -0.5503219366073608,
                    0.5292089581489563,
                    2.7856504917144775
                ],
                [
                    0.0,
                    0.6931450366973877,
                    0.7207981944084167,
                    3.794137954711914
                ],
                [
                    0.0,
                    0.0,
                    0.0,
                    1.0
                ]
            ],
            "transform_matrix_sun": [
                [
                    0.4878011643886566,
                    0.5543990135192871,
                    -0.6743082404136658,
                    -1.5077992677688599
                ],
                [
                    -0.8729548454284668,
                    0.3097943961620331,
                    -0.3767988383769989,
                    -0.8425478935241699
                ],
                [
                    1.4901162970204496e-08,
                    0.7724435925483704,
                    0.6350832581520081,
                    1.4200894832611084
                ],
                [
                    0.0,
                    0.0,
                    0.0,
                    1.0
                ]
            ]
        },
        {
            "file_path": "train/r_22",
            "rotation": 0.06283185307179587,
            "transform_matrix": [
                [
                    -0.7634897232055664,
                    0.46550601720809937,
                    -0.44764700531959534,
                    -2.3563246726989746
                ],
                [
                    -0.6458202004432678,
                    -0.5503219366073608,
                    0.5292089581489563,
                    2.7856504917144775
                ],
                [
                    0.0,
                    0.6931450366973877,
                    0.7207981944084167,
                    3.794137954711914
                ],
                [
                    0.0,
                    0.0,
                    0.0,
                    1.0
                ]
            ],
            "transform_matrix_sun": [
                [
                    0.9849567413330078,
                    -0.13537277281284332,
                    0.10739868879318237,
                    0.24015077948570251
                ],
                [
                    0.17280125617980957,
                    0.7716166973114014,
                    -0.6121661067008972,
                    -1.368844985961914
                ],
                [
                    0.0,
                    0.6215158104896545,
                    0.7834017276763916,
                    1.751739501953125
                ],
                [
                    0.0,
                    0.0,
                    0.0,
                    1.0
                ]
            ]
        },
        {
            "file_path": "train/r_23",
            "rotation": 0.06283185307179587,
            "transform_matrix": [
                [
                    -0.7634897232055664,
                    0.46550601720809937,
                    -0.44764700531959534,
                    -2.3563246726989746
                ],
                [
                    -0.6458202004432678,
                    -0.5503219366073608,
                    0.5292089581489563,
                    2.7856504917144775
                ],
                [
                    0.0,
                    0.6931450366973877,
                    0.7207981944084167,
                    3.794137954711914
                ],
                [
                    0.0,
                    0.0,
                    0.0,
                    1.0
                ]
            ],
            "transform_matrix_sun": [
                [
                    -0.6431732773780823,
                    0.612910807132721,
                    -0.4589863717556,
                    -1.02632474899292
                ],
                [
                    -0.7657206654548645,
                    -0.5148193836212158,
                    0.3855293393135071,
                    0.862069845199585
                ],
                [
                    2.9802322387695312e-08,
                    0.5994175672531128,
                    0.8004364967346191,
                    1.7898304462432861
                ],
                [
                    0.0,
                    0.0,
                    0.0,
                    1.0
                ]
            ]
        },
        {
            "file_path": "train/r_24",
            "rotation": 0.06283185307179587,
            "transform_matrix": [
                [
                    -0.7634897232055664,
                    0.46550601720809937,
                    -0.44764700531959534,
                    -2.3563246726989746
                ],
                [
                    -0.6458202004432678,
                    -0.5503219366073608,
                    0.5292089581489563,
                    2.7856504917144775
                ],
